0.00195312  0.000000e+00  0.000000e+00  0.000000e+00  0.000000e+00  0.000000e+00  0.000000e+00  0.998750260395  0.000000000000 -0.049979169271  0.000000000000  1.000000000000  0.000000000000  0.049979169271 -0.000000000000  0.998750260395 
0.251953  9.279344e-02 -3.670183e-312  1.247632e+00  7.477843e-01 -6.143237e-311  1.006299e+01  0.998750260395  0.000000000000 -0.049979169271  0.000000000000  1.000000000000  0.000000000000  0.049979169271 -0.000000000000  0.998750260395 
0.501953  3.713652e-01 -6.094322e-311  5.002244e+00  1.482605e+00 -4.745755e-310  2.000967e+01  0.998746043077 -0.000000000000 -0.050063374222  0.000000000000  1.000000000000 -0.000000000000  0.050063374222  0.000000000000  0.998746043077 
0.751953  8.298711e-01 -2.715850e-310  1.120171e+01  2.183603e+00 -1.276073e-309  2.957705e+01  0.998719148853 -0.000000000000 -0.050597052419  0.000000000000  1.000000000000 -0.000000000000  0.050597052419  0.000000000000  0.998719148853 
1.00195  1.457458e+00 -7.199584e-310  1.972180e+01  2.836278e+00 -2.364126e-309  3.862208e+01  0.998649222912 -0.000000000000 -0.051958922024  0.000000000000  1.000000000000 -0.000000000000  0.051958922024  0.000000000000  0.998649222912 
1.25195  2.240346e+00 -1.439616e-309  3.040838e+01  3.420248e+00 -3.345676e-309  4.679258e+01  0.998510287551 -0.000000000000 -0.054563776027  0.000000000000  1.000000000000 -0.000000000000  0.054563776027  0.000000000000  0.998510287551 
1.50195  3.161089e+00 -2.339705e-309  4.302841e+01  3.939683e+00 -3.705438e-309  5.407016e+01  0.998282658501 -0.000000000000 -0.058581001487  0.000000000000  1.000000000000 -0.000000000000  0.058581001487  0.000000000000  0.998282658501 
1.75195  4.204833e+00 -3.195008e-309  5.735197e+01  4.406659e+00 -2.900115e-309  6.041142e+01  0.997967372859 -0.000000000000 -0.063726938649  0.000000000000  1.000000000000 -0.000000000000  0.063726938649  0.000000000000  0.997967372859 
2.00195  5.360692e+00 -3.668411e-309  7.314564e+01  4.841005e+00 -6.519411e-310  6.588664e+01  0.997602584406 -0.000000000000 -0.069203205024  0.000000000000  1.000000000000 -0.000000000000  0.069203205024  0.000000000000  0.997602584406 
2.25195  6.622304e+00 -3.397698e-309  9.019862e+01  5.251889e+00  3.060152e-309  7.043510e+01  0.997262598403 -0.000000000000 -0.073941259294  0.000000000000  1.000000000000 -0.000000000000  0.073941259294  0.000000000000  0.997262598403 
2.50195  7.984001e+00 -2.056785e-309  1.082901e+02  5.640068e+00  7.850928e-309  7.420429e+01  0.997021368967 -0.000000000000 -0.077125805166  0.000000000000  1.000000000000 -0.000000000000  0.077125805166  0.000000000000  0.997021368967 
2.75195  9.438645e+00  5.797504e-310  1.272374e+02  5.992662e+00  1.340059e-308  7.729312e+01  0.996899751564 -0.000000000000 -0.078682179253  0.000000000000  1.000000000000 -0.000000000000  0.078682179253  0.000000000000  0.996899751564 
3.00195  1.097572e+01  4.699467e-309  1.468830e+02  6.298940e+00  1.977655e-308  7.983918e+01  0.996844481437 -0.000000000000 -0.079379341323  0.000000000000  1.000000000000 -0.000000000000  0.079379341323  0.000000000000  0.996844481437 
3.25195  1.258371e+01  1.057637e-308  1.671030e+02  6.561188e+00  2.762122e-308  8.186474e+01  0.996764375130 -0.000000000000 -0.080378980280  0.000000000000  1.000000000000 -0.000000000000  0.080378980280  0.000000000000  0.996764375130 
3.50195  1.425398e+01  1.869595e-308  1.877792e+02  6.801494e+00  3.790206e-308  8.349861e+01  0.996591956846 -0.000000000000 -0.082489220809  0.000000000000  1.000000000000 -0.000000000000  0.082489220809  0.000000000000  0.996591956846 
3.75195  1.598436e+01  2.977423e-308  2.088233e+02  7.045790e+00  5.139826e-308  8.481775e+01  0.996323256268 -0.000000000000 -0.085673619156  0.000000000000  1.000000000000 -0.000000000000  0.085673619156  0.000000000000  0.996323256268 
4.00195  1.777788e+01  4.464168e-308  2.301650e+02  7.307588e+00  6.819087e-308  8.591316e+01  0.996015045270 -0.000000000000 -0.089185366485  0.000000000000  1.000000000000 -0.000000000000  0.089185366485  0.000000000000  0.996015045270 
4.25195  1.963847e+01  6.405824e-308  2.517549e+02  7.579681e+00  8.766607e-308  8.678446e+01  0.995739141591 -0.000000000000 -0.092214759683  0.000000000000  1.000000000000 -0.000000000000  0.092214759683  0.000000000000  0.995739141591 
4.50195  2.156661e+01  8.859126e-308  2.735431e+02  7.844952e+00  1.090422e-307  8.750493e+01  0.995523022969 -0.000000000000 -0.094519367008  0.000000000000  1.000000000000 -0.000000000000  0.094519367008  0.000000000000  0.995523022969 
4.75195  2.355887e+01  1.186809e-307  2.954964e+02  8.091900e+00  1.321961e-307  8.810919e+01  0.995331713763 -0.000000000000 -0.096513105725  0.000000000000  1.000000000000 -0.000000000000  0.096513105725  0.000000000000  0.995331713763 
5.00195  2.561085e+01  1.548583e-307  3.175892e+02  8.324330e+00  1.579791e-307  8.864689e+01  0.995106188903 -0.000000000000 -0.098811298987  0.000000000000  1.000000000000 -0.000000000000  0.098811298987  0.000000000000  0.995106188903 
5.25195  2.772052e+01  1.979400e-307  3.398074e+02  8.555876e+00  1.876519e-307  8.909249e+01  0.994817351475 -0.000000000000 -0.101678105826  0.000000000000  1.000000000000 -0.000000000000  0.101678105826  0.000000000000  0.994817351475 
5.50195  2.988912e+01  2.490178e-307  3.621306e+02  8.796564e+00  2.220407e-307  8.948892e+01  0.994486364752 -0.000000000000 -0.104865963599  0.000000000000  1.000000000000 -0.000000000000  0.104865963599  0.000000000000  0.994486364752 
5.75195  3.211896e+01  3.092747e-307  3.845481e+02  9.044617e+00  2.610365e-307  8.984896e+01  0.994155713638 -0.000000000000 -0.107955625332  0.000000000000  1.000000000000 -0.000000000000  0.107955625332  0.000000000000  0.994155713638 
6.00195  3.441079e+01  3.797881e-307  4.070521e+02  9.290620e+00  3.040510e-307  9.020307e+01  0.993844370199 -0.000000000000 -0.110785232881  0.000000000000  1.000000000000 -0.000000000000  0.110785232881  0.000000000000  0.993844370199 
6.25195  3.676318e+01  4.615305e-307  4.296417e+02  9.529083e+00  3.509493e-307  9.051352e+01  0.993532289289 -0.000000000000 -0.113549945579  0.000000000000  1.000000000000 -0.000000000000  0.113549945579  0.000000000000  0.993532289289 
6.50195  3.917441e+01  5.555597e-307  4.523072e+02  9.762257e+00  4.025803e-307  9.081069e+01  0.993187414044 -0.000000000000 -0.116527939071  0.000000000000  1.000000000000 -0.000000000000  0.116527939071  0.000000000000  0.993187414044 
6.75195  4.164397e+01  6.632089e-307  4.750458e+02  9.996624e+00  4.601272e-307  9.109873e+01  0.992800917806 -0.000000000000 -0.119776197983  0.000000000000  1.000000000000 -0.000000000000  0.119776197983  0.000000000000  0.992800917806 
7.00195  4.417260e+01  7.860510e-307  4.978555e+02  1.023429e+01  5.242205e-307  9.140176e+01  0.992391138639 -0.000000000000 -0.123125253101  0.000000000000  1.000000000000 -0.000000000000  0.123125253101  0.000000000000  0.992391138639 
7.25195  4.676083e+01  9.257203e-307  5.207401e+02  1.047307e+01  5.947296e-307  9.167659e+01  0.991976460565 -0.000000000000 -0.126422710322  0.000000000000  1.000000000000 -0.000000000000  0.126422710322  0.000000000000  0.991976460565 
7.50195  4.940837e+01  1.083795e-306  5.436931e+02  1.070841e+01  6.715509e-307  9.194992e+01  0.991552691653 -0.000000000000 -0.129704509077  0.000000000000  1.000000000000 -0.000000000000  0.129704509077  0.000000000000  0.991552691653 
7.75195  5.211429e+01  1.261915e-306  5.667145e+02  1.094041e+01  7.553112e-307  9.222264e+01  0.991101792076 -0.000000000000 -0.133106114598  0.000000000000  1.000000000000 -0.000000000000  0.133106114598  0.000000000000  0.991101792076 
8.00195  5.487810e+01  1.461947e-306  5.898040e+02  1.117126e+01  8.470741e-307  9.251589e+01  0.990616102710 -0.000000000000 -0.136673834555  0.000000000000  1.000000000000 -0.000000000000  0.136673834555  0.000000000000  0.990616102710 
8.25195  5.778718e+01  1.685735e-306  6.106779e+02  1.207791e+01  9.457974e-307  7.536890e+01  0.990098176046 -0.000000000000 -0.140376642609  0.000000000000  1.000000000000 -0.000000000000  0.140376642609  0.000000000000  0.990098176046 
8.50195  6.090320e+01  1.935452e-306  6.279103e+02  1.283707e+01  1.054500e-306  6.299881e+01  0.989500090043 -0.000000000000 -0.144532251782  0.000000000000  1.000000000000 -0.000000000000  0.144532251782  0.000000000000  0.989500090043 
8.75195  6.419690e+01  2.213765e-306  6.424402e+02  1.350652e+01  1.175278e-306  5.355339e+01  0.988741482866 -0.000000000000 -0.149633819906  0.000000000000  1.000000000000 -0.000000000000  0.149633819906  0.000000000000  0.988741482866 
9.00195  6.765094e+01  2.524150e-306  6.548628e+02  1.412617e+01  1.311843e-306  4.599734e+01  0.987762168556 -0.000000000000 -0.155967619617  0.000000000000  1.000000000000 -0.000000000000  0.155967619617  0.000000000000  0.987762168556 
9.25195  7.125594e+01  2.870902e-306  6.655716e+02  1.471502e+01  1.466601e-306  3.981096e+01  0.986517546759 -0.000000000000 -0.163655522172  0.000000000000  1.000000000000 -0.000000000000  0.163655522172  0.000000000000  0.986517546759 
9.50195  7.500607e+01  3.258796e-306  6.748591e+02  1.528881e+01  1.641356e-306  3.458453e+01  0.984964087402 -0.000000000000 -0.172759215467  0.000000000000  1.000000000000 -0.000000000000  0.172759215467  0.000000000000  0.984964087402 
9.75195  7.889869e+01  3.692994e-306  6.829327e+02  1.585611e+01  1.837428e-306  3.007187e+01  0.983044029034 -0.000000000000 -0.183369673014  0.000000000000  1.000000000000 -0.000000000000  0.183369673014  0.000000000000  0.983044029034 
10.002  8.293299e+01  4.178999e-306  6.899485e+02  1.642415e+01  2.056451e-306  2.609275e+01  0.980678635511 -0.000000000000 -0.195625698343  0.000000000000  1.000000000000 -0.000000000000  0.195625698343  0.000000000000  0.980678635511 
10.252  8.710981e+01  4.722763e-306  6.960243e+02  1.699604e+01  2.299844e-306  2.254801e+01  0.977761900381 -0.000000000000 -0.209718063511  0.000000000000  1.000000000000 -0.000000000000  0.209718063511  0.000000000000  0.977761900381 
10.502  9.143071e+01  5.330666e-306  7.012570e+02  1.757779e+01  2.570236e-306  1.933849e+01  0.974161256058 -0.000000000000 -0.225853596816  0.000000000000  1.000000000000 -0.000000000000  0.225853596816  0.000000000000  0.974161256058 
10.752  9.589879e+01  6.009831e-306  7.057220e+02  1.817447e+01  2.870762e-306  1.639886e+01  0.969710465244 -0.000000000000 -0.244257269282  0.000000000000  1.000000000000 -0.000000000000  0.244257269282  0.000000000000  0.969710465244 
11.002  1.005185e+02  6.768265e-306  7.094803e+02  1.879197e+01  3.205576e-306  1.367744e+01  0.964210234893 -0.000000000000 -0.265138874795  0.000000000000  1.000000000000 -0.000000000000  0.265138874795  0.000000000000  0.964210234893 
11.252  1.052956e+02  7.615134e-306  7.125819e+02  1.943537e+01  3.579325e-306  1.114305e+01  0.957428787881 -0.000000000000 -0.288669562193  0.000000000000  1.000000000000 -0.000000000000  0.288669562193  0.000000000000  0.957428787881 
11.502  1.102376e+02  8.560902e-306  7.150697e+02  2.011186e+01  3.998360e-306  8.765905e+00  0.949123076007 -0.000000000000 -0.314905361324  0.000000000000  1.000000000000 -0.000000000000  0.314905361324  0.000000000000  0.949123076007 
11.752  1.153543e+02  9.618287e-306  7.169808e+02  2.083659e+01  4.475221e-306  6.526243e+00  0.939112507004 -0.000000000000 -0.343609806597  0.000000000000  1.000000000000 -0.000000000000  0.343609806597 -0.000000000000  0.939112507004 
12.002  1.206589e+02  1.080282e-305  7.183472e+02  2.161473e+01  5.016499e-306  4.407501e+00  0.927381438858 -0.000000000000 -0.374117183327  0.000000000000  1.000000000000 -0.000000000000  0.374117183327 -0.000000000000  0.927381438858 
12.252  1.261641e+02  1.213054e-305  7.191977e+02  2.244091e+01  5.620989e-306  2.397940e+00  0.913905448580 -0.000000000000 -0.405927125301  0.000000000000  1.000000000000 -0.000000000000  0.405927125301 -0.000000000000  0.913905448580 
12.502  1.318806e+02  1.361626e-305  7.195588e+02  2.330160e+01  6.279564e-306  4.947909e-01  0.898525458833 -0.000000000000 -0.438921405070  0.000000000000  1.000000000000 -0.000000000000  0.438921405070 -0.000000000000  0.898525458833 
12.752  1.378117e+02  1.526925e-305  7.194585e+02  2.404208e+01  6.872937e-306 -1.289730e+00  0.881272292169 -0.000000000000 -0.472608873229  0.000000000000  1.000000000000 -0.000000000000  0.472608873229 -0.000000000000  0.881272292169 
13.002  1.438160e+02  1.699320e-305  7.189343e+02  2.394224e+01  6.887885e-306 -2.872296e+00  0.886486765223 -0.000000000000 -0.462753946590  0.000000000000  1.000000000000 -0.000000000000  0.462753946590 -0.000000000000  0.886486765223 
13.252  1.497613e+02  1.870816e-305  7.180438e+02  2.357999e+01  6.816885e-306 -4.217738e+00  0.927417557007 -0.000000000000 -0.374027639294  0.000000000000  1.000000000000 -0.000000000000  0.374027639294 -0.000000000000  0.927417557007 
13.502  1.555960e+02  2.042121e-305  7.168541e+02  2.309309e+01  6.914331e-306 -5.245363e+00  0.980563856320 -0.000000000000 -0.196200213247 -0.000000000000  1.000000000000 -0.000000000000  0.196200213247  0.000000000000  0.980563856320 
13.752  1.613229e+02  2.221998e-305  7.154565e+02  2.277939e+01  7.556880e-306 -5.874095e+00  0.998344864319 -0.000000000000  0.057511145774 -0.000000000000  1.000000000000 -0.000000000000 -0.057511145774  0.000000000000  0.998344864319 
14.002  1.670277e+02  2.426761e-305  7.139455e+02  2.297235e+01  8.961454e-306 -6.163294e+00  0.943203070721 -0.000000000000  0.332216747595 -0.000000000000  1.000000000000 -0.000000000000 -0.332216747595  0.000000000000  0.943203070721 
14.252  1.728656e+02  2.670399e-305  7.123770e+02  2.385898e+01  1.063960e-305 -6.405307e+00  0.832780648928 -0.000000000000  0.553603098592 -0.000000000000  1.000000000000 -0.000000000000 -0.553603098592  0.000000000000  0.832780648928 
14.502  1.790056e+02  2.940195e-305  7.107259e+02  2.534886e+01  1.110083e-305 -6.849030e+00  0.732858913691 -0.000000000000  0.680380638042 -0.000000000000  1.000000000000 -0.000000000000 -0.680380638042 -0.000000000000  0.732858913691 
14.752  1.855613e+02  3.175229e-305  7.089360e+02  2.713363e+01  8.049460e-306 -7.495562e+00  0.704806127535 -0.000000000000  0.709399973632 -0.000000000000  1.000000000000 -0.000000000000 -0.709399973632 -0.000000000000  0.704806127535 
15.002  1.925680e+02  3.247904e-305  7.069789e+02  2.891918e+01 -1.451185e-306 -8.137348e+00  0.767929224311 -0.000000000000  0.640534703548 -0.000000000000  1.000000000000 -0.000000000000 -0.640534703548 -0.000000000000  0.767929224311 
15.252  1.999906e+02  2.972871e-305  7.048832e+02  3.040036e+01 -1.915151e-305 -8.586135e+00  0.888052966113  0.000000000000  0.459741154759 -0.000000000000  1.000000000000 -0.000000000000 -0.459741154759 -0.000000000000  0.888052966113 
15.502  2.077186e+02  2.246768e-305  7.027096e+02  3.131747e+01 -3.707647e-305 -8.763979e+00  0.985360161160  0.000000000000  0.170485638099 -0.000000000000  1.000000000000 -0.000000000000 -0.170485638099 -0.000000000000  0.985360161160 
15.752  2.155886e+02  1.464419e-305  7.005131e+02  3.152278e+01 -2.586295e-305 -8.799533e+00  0.986278684450  0.000000000000 -0.165088935422 -0.000000000000  1.000000000000  0.000000000000  0.165088935422 -0.000000000000  0.986278684450 
16.002  2.234187e+02  2.342713e-305  6.983065e+02  3.098930e+01  9.148790e-305 -8.863714e+00  0.894464232555  0.000000000000 -0.447139504719 -0.000000000000  1.000000000000  0.000000000000  0.447139504719 -0.000000000000  0.894464232555 
16.252  2.310378e+02  9.526986e-305  6.960604e+02  2.988192e+01  4.618810e-304 -9.143446e+00  0.788100649342  0.000000000000 -0.615546396713 -0.000000000000  1.000000000000  0.000000000000  0.615546396713  0.000000000000  0.788100649342 
16.502  2.383380e+02  3.215730e-304  6.937213e+02  2.848523e+01  1.292265e-303 -9.587620e+00  0.745242017726  0.000000000000 -0.666794072420 -0.000000000000  1.000000000000  0.000000000000  0.666794072420  0.000000000000  0.745242017726 
16.752  2.452837e+02  8.579633e-304  6.912680e+02  2.709468e+01  2.880189e-303 -1.002531e+01  0.794114600814  0.000000000000 -0.607768048497 -0.000000000000  1.000000000000  0.000000000000  0.607768048497  0.000000000000  0.794114600814 
17.002  2.519130e+02  1.922834e-303  6.887244e+02  2.600108e+01  5.426986e-303 -1.027178e+01  0.902441649358  0.000000000000 -0.430812104639 -0.000000000000  1.000000000000  0.000000000000  0.430812104639  0.000000000000  0.902441649358 
17.252  2.583374e+02  3.653600e-303  6.861454e+02  2.551050e+01  8.121893e-303 -1.033623e+01  0.989849209430  0.000000000000 -0.142121576792 -0.000000000000  1.000000000000  0.000000000000  0.142121576792  0.000000000000  0.989849209430 
17.502  2.647311e+02  5.661553e-303  6.835596e+02  2.576804e+01  7.863236e-303 -1.036017e+01  0.981145386892  0.000000000000  0.193271130229 -0.000000000000  1.000000000000 -0.000000000000 -0.193271130229  0.000000000000  0.981145386892 
17.752  2.712832e+02  6.165196e-303  6.809508e+02  2.677396e+01 -3.566680e-303 -1.056154e+01  0.880768936457  0.000000000000  0.473546281341 -0.000000000000  1.000000000000 -0.000000000000 -0.473546281341  0.000000000000  0.880768936457 
18.002  2.781624e+02  2.488504e-304  6.782516e+02  2.834994e+01 -4.145119e-302 -1.107994e+01  0.768958832683  0.000000000000  0.639298297854 -0.000000000000  1.000000000000 -0.000000000000 -0.639298297854 -0.000000000000  0.768958832683 
18.252  2.854732e+02 -2.165605e-302  6.753891e+02  3.017093e+01 -1.279626e-301 -1.184791e+01  0.725566824030  0.000000000000  0.688151715733 -0.000000000000  1.000000000000 -0.000000000000 -0.688151715733 -0.000000000000  0.725566824030 
18.502  2.932434e+02 -7.599578e-302  6.723293e+02  3.198188e+01 -2.944673e-301 -1.261375e+01  0.778315030676  0.000000000000  0.627873962689 -0.000000000000  1.000000000000 -0.000000000000 -0.627873962689 -0.000000000000  0.778315030676 
18.752  3.014383e+02 -1.858549e-301  6.691036e+02  3.351957e+01 -5.623596e-301 -1.314273e+01  0.893628105696  0.000000000000  0.448808209272 -0.000000000000  1.000000000000 -0.000000000000 -0.448808209272 -0.000000000000  0.893628105696 
19.002  3.099539e+02 -3.656648e-301  6.657862e+02  3.450167e+01 -8.475334e-301 -1.333173e+01  0.987905232176  0.000000000000  0.155058867012 -0.000000000000  1.000000000000 -0.000000000000 -0.155058867012 -0.000000000000  0.987905232176 
19.252  3.186243e+02 -5.738256e-301  6.624486e+02  3.473495e+01 -8.115167e-301 -1.335483e+01  0.982104833795  0.000000000000 -0.188335061621 -0.000000000000  1.000000000000  0.000000000000  0.188335061621 -0.000000000000  0.982104833795 
19.502  3.272559e+02 -6.189869e-301  6.591064e+02  3.418674e+01  4.191860e-301 -1.340916e+01  0.879484547619  0.000000000000 -0.475927442474 -0.000000000000  1.000000000000  0.000000000000  0.475927442474 -0.000000000000  0.879484547619 
19.752  3.356671e+02  2.231260e-302  6.557253e+02  3.301578e+01  4.479236e-300 -1.368255e+01  0.763163886559  0.000000000000 -0.646204984701 -0.000000000000  1.000000000000  0.000000000000  0.646204984701  0.000000000000  0.763163886559 
20.002  3.437409e+02  2.371235e-300  6.522495e+02  3.152963e+01  1.367047e-299 -1.413606e+01  0.716054367682  0.000000000000 -0.698044513283 -0.000000000000  1.000000000000  0.000000000000  0.698044513283  0.000000000000  0.716054367682 
20.252  3.514376e+02  8.171253e-300  6.486551e+02  3.005867e+01  3.143082e-299 -1.460463e+01  0.768617702601  0.000000000000 -0.639708392355 -0.000000000000  1.000000000000  0.000000000000  0.639708392355  0.000000000000  0.768617702601 
20.502  3.587986e+02  1.992444e-299  6.449637e+02  2.889814e+01  6.025795e-299 -1.488884e+01  0.887244429225  0.000000000000 -0.461299602003 -0.000000000000  1.000000000000  0.000000000000  0.461299602003  0.000000000000  0.887244429225 
20.752  3.659400e+02  3.930738e-299  6.412298e+02  2.835324e+01  9.153154e-299 -1.495566e+01  0.986333978895  0.000000000000 -0.164758253439 -0.000000000000  1.000000000000  0.000000000000  0.164758253439  0.000000000000  0.986333978895 
21.002  3.730410e+02  6.208073e-299  6.374897e+02  2.859397e+01  9.046925e-299 -1.495829e+01  0.982735789107  0.000000000000  0.185014509726 -0.000000000000  1.000000000000 -0.000000000000 -0.185014509726  0.000000000000  0.982735789107 
21.252  3.802996e+02  6.851222e-299  6.337305e+02  2.960473e+01 -3.594367e-299 -1.516915e+01  0.877603997212  0.000000000000  0.479386299427 -0.000000000000  1.000000000000 -0.000000000000 -0.479386299427  0.000000000000  0.877603997212 
21.502  3.878895e+02  3.610172e-300  6.298761e+02  3.119766e+01 -4.591959e-298 -1.572857e+01  0.756144914295  0.000000000000  0.654404208869 -0.000000000000  1.000000000000 -0.000000000000 -0.654404208869 -0.000000000000  0.756144914295 
21.752  3.959176e+02 -2.398131e-298  6.258453e+02  3.306262e+01 -1.423662e-297 -1.654947e+01  0.704705729707  0.000000000000  0.709499707201 -0.000000000000  1.000000000000 -0.000000000000 -0.709499707201 -0.000000000000  0.704705729707 
22.002  4.044174e+02 -8.464025e-298  6.216021e+02  3.493997e+01 -3.291700e-297 -1.737143e+01  0.755842393488  0.000000000000  0.654753599613 -0.000000000000  1.000000000000 -0.000000000000 -0.654753599613 -0.000000000000  0.755842393488 
22.252  4.133598e+02 -2.083501e-297  6.171792e+02  3.654468e+01 -6.361238e-297 -1.796033e+01  0.877941933249  0.000000000000  0.478767126945 -0.000000000000  1.000000000000 -0.000000000000 -0.478767126945 -0.000000000000  0.877941933249 
22.502  4.226406e+02 -4.146558e-297  6.126524e+02  3.759219e+01 -9.796208e-297 -1.820162e+01  0.983507374324  0.000000000000  0.180868031035 -0.000000000000  1.000000000000 -0.000000000000 -0.180868031035 -0.000000000000  0.983507374324 
22.752  4.320901e+02 -6.620254e-297  6.080966e+02  3.787320e+01 -9.906054e-297 -1.822813e+01  0.984464925176  0.000000000000 -0.175581351795 -0.000000000000  1.000000000000  0.000000000000  0.175581351795 -0.000000000000  0.984464925176 
23.002  4.415089e+02 -7.464530e-297  6.035367e+02  3.733282e+01  2.742112e-297 -1.826301e+01  0.877924849857  0.000000000000 -0.478798452383 -0.000000000000  1.000000000000  0.000000000000  0.478798452383 -0.000000000000  0.877924849857 
23.252  4.507046e+02 -1.007959e-297  5.989411e+02  3.613988e+01  4.644127e-296 -1.854911e+01  0.750884365831  0.000000000000 -0.660433697770 -0.000000000000  1.000000000000  0.000000000000  0.660433697770  0.000000000000  0.750884365831 
23.502  4.595537e+02  2.395334e-296  5.942445e+02  3.461268e+01  1.465943e-295 -1.905051e+01  0.693656471606  0.000000000000 -0.720305976235 -0.000000000000  1.000000000000  0.000000000000  0.720305976235  0.000000000000  0.693656471606 
23.752  4.680126e+02  8.677415e-296  5.894152e+02  3.306840e+01  3.419666e-295 -1.957146e+01  0.742147636282  0.000000000000 -0.670236440341 -0.000000000000  1.000000000000  0.000000000000  0.670236440341  0.000000000000  0.742147636282 
24.002  4.761150e+02  2.160984e-295  5.844757e+02  3.180954e+01  6.675167e-295 -1.988955e+01  0.866608028662  0.000000000000 -0.498989503555 -0.000000000000  1.000000000000  0.000000000000  0.498989503555  0.000000000000  0.866608028662 
24.252  4.839722e+02  4.347455e-295  5.794878e+02  3.116894e+01  1.045101e-294 -1.998184e+01  0.979466011535  0.000000000000 -0.201609355554 -0.000000000000  1.000000000000  0.000000000000  0.201609355554  0.000000000000  0.979466011535 
24.502  4.917678e+02  7.036571e-295  5.744911e+02  3.133364e+01  1.095477e-294 -1.999933e+01  0.986943602988  0.000000000000  0.161066211604 -0.000000000000  1.000000000000 -0.000000000000 -0.161066211604  0.000000000000  0.986943602988 
24.752  4.997060e+02  8.175059e-295  5.694737e+02  3.230962e+01 -1.576493e-295 -2.019413e+01  0.880362465067  0.000000000000  0.474301518130 -0.000000000000  1.000000000000 -0.000000000000 -0.474301518130  0.000000000000  0.880362465067 
25.002  5.079724e+02  1.905394e-295  5.643631e+02  3.392104e+01 -4.590361e-294 -2.074966e+01  0.746970673862  0.000000000000  0.664856986419 -0.000000000000  1.000000000000 -0.000000000000 -0.664856986419 -0.000000000000  0.746970673862 
25.252  5.166853e+02 -2.329046e-294  5.590725e+02  3.582211e+01 -1.488787e-293 -2.161340e+01  0.682387171217  0.000000000000  0.730990936030 -0.000000000000  1.000000000000 -0.000000000000 -0.730990936030 -0.000000000000  0.682387171217 
25.502  5.258819e+02 -8.760491e-294  5.535548e+02  3.774987e+01 -3.513045e-293 -2.251639e+01  0.726553784914  0.000000000000  0.687109596518 -0.000000000000  1.000000000000 -0.000000000000 -0.687109596518 -0.000000000000  0.726553784914 
25.752  5.355374e+02 -2.215001e-293  5.478360e+02  3.944400e+01 -6.936737e-293 -2.318203e+01  0.852849907284  0.000000000000  0.522156141059 -0.000000000000  1.000000000000 -0.000000000000 -0.522156141059 -0.000000000000  0.852849907284 
26.002  5.455563e+02 -4.515668e-293  5.419964e+02  4.060689e+01 -1.110394e-292 -2.345961e+01  0.973766543356  0.000000000000  0.227549377149 -0.000000000000  1.000000000000 -0.000000000000 -0.227549377149 -0.000000000000  0.973766543356 
26.252  5.557717e+02 -7.434738e-293  5.361234e+02  4.098191e+01 -1.211254e-292 -2.350292e+01  0.990047454397  0.000000000000 -0.140733926410 -0.000000000000  1.000000000000  0.000000000000  0.140733926410 -0.000000000000  0.990047454397 
26.502  5.659766e+02 -8.937477e-293  5.302456e+02  4.051243e+01 -1.425858e-294 -2.354352e+01  0.885136486360  0.000000000000 -0.465331495295 -0.000000000000  1.000000000000  0.000000000000  0.465331495295 -0.000000000000  0.885136486360 
26.752  5.759694e+02 -3.082748e-293  5.243312e+02  3.932800e+01  4.450984e-292 -2.382355e+01  0.745474714221  0.000000000000 -0.666533907957 -0.000000000000  1.000000000000  0.000000000000  0.666533907957  0.000000000000  0.745474714221 
27.002  5.856116e+02  2.199692e-292  5.183132e+02  3.775324e+01  1.490149e-291 -2.434369e+01  0.671400582853  0.000000000000 -0.741094634540 -0.000000000000  1.000000000000  0.000000000000  0.741094634540  0.000000000000  0.671400582853 
27.252  5.948470e+02  8.704650e-292  5.121534e+02  3.613346e+01  3.568616e-291 -2.492667e+01  0.709197635721  0.000000000000 -0.705009725811 -0.000000000000  1.000000000000  0.000000000000  0.705009725811  0.000000000000  0.709197635721 
27.502  6.037024e+02  2.243407e-291  5.058663e+02  3.476848e+01  7.147275e-291 -2.532901e+01  0.836116779304  0.000000000000 -0.548551484700 -0.000000000000  1.000000000000  0.000000000000  0.548551484700  0.000000000000  0.836116779304 
27.752  6.122822e+02  4.648010e-291  4.995128e+02  3.398750e+01  1.168649e-290 -2.546027e+01  0.965946937300  0.000000000000 -0.258740244880 -0.000000000000  1.000000000000  0.000000000000  0.258740244880  0.000000000000  0.965946937300 
28.002  6.207666e+02  7.798369e-291  4.931465e+02  3.403399e+01  1.339997e-290 -2.545422e+01  0.993458268879  0.000000000000  0.114195744208 -0.000000000000  1.000000000000 -0.000000000000 -0.114195744208  0.000000000000  0.993458268879 
28.252  6.293680e+02  9.740910e-291  4.867687e+02  3.492204e+01  2.332520e-291 -2.561945e+01  0.892335853593  0.000000000000  0.451372046533 -0.000000000000  1.000000000000 -0.000000000000 -0.451372046533  0.000000000000  0.892335853593 
28.502  6.382828e+02  4.510424e-291  4.803049e+02  3.649513e+01 -4.178311e-290 -2.616431e+01  0.746545633433  0.000000000000  0.665334214663 -0.000000000000  1.000000000000 -0.000000000000 -0.665334214663 -0.000000000000  0.746545633433 
28.752  6.476412e+02 -1.995442e-290  4.736585e+02  3.841974e+01 -1.471113e-289 -2.705386e+01  0.661799763724  0.000000000000  0.749680647166 -0.000000000000  1.000000000000 -0.000000000000 -0.749680647166 -0.000000000000  0.661799763724 
29.002  6.574942e+02 -8.496991e-290  4.667722e+02  4.042018e+01 -3.581514e-289 -2.802553e+01  0.690469559868  0.000000000000  0.723361449688 -0.000000000000  1.000000000000 -0.000000000000 -0.723361449688 -0.000000000000  0.690469559868 
29.252  6.678291e+02 -2.242366e-289  4.596634e+02  4.221816e+01 -7.288853e-289 -2.879438e+01  0.816308841075  0.000000000000  0.577615681905 -0.000000000000  1.000000000000 -0.000000000000 -0.577615681905 -0.000000000000  0.816308841075 
29.502  6.785592e+02 -4.734174e-289  4.524093e+02  4.352260e+01 -1.222687e-288 -2.917371e+01  0.955370712959  0.000000000000  0.295409547611 -0.000000000000  1.000000000000 -0.000000000000 -0.295409547611 -0.000000000000  0.955370712959 
29.752  6.895226e+02 -8.123451e-289  4.451034e+02  4.404719e+01 -1.464811e-288 -2.924355e+01  0.996729330639  0.000000000000 -0.080812384220 -0.000000000000  1.000000000000  0.000000000000  0.080812384220 -0.000000000000  0.996729330639 
30.002  7.005097e+02 -1.054104e-288  4.377919e+02  4.369229e+01 -4.978870e-289 -2.925035e+01  0.901890936524  0.000000000000 -0.431963816328 -0.000000000000  1.000000000000  0.000000000000  0.431963816328 -0.000000000000  0.901890936524 
30.252  7.113058e+02 -6.142494e-289  4.304541e+02  4.256216e+01  3.790133e-288 -2.950570e+01  0.750461801678  0.000000000000 -0.660913825111 -0.000000000000  1.000000000000  0.000000000000  0.660913825111  0.000000000000  0.750461801678 
30.502  7.217560e+02  1.725797e-288  4.230152e+02  4.098225e+01  1.425954e-287 -3.004785e+01  0.653596071424  0.000000000000 -0.756843560730 -0.000000000000  1.000000000000  0.000000000000  0.756843560730  0.000000000000  0.653596071424 
30.752  7.317908e+02  8.128527e-288  4.154226e+02  3.928958e+01  3.551082e-287 -3.069248e+01  0.671225520085  0.000000000000 -0.741253196409 -0.000000000000  1.000000000000  0.000000000000  0.741253196409  0.000000000000  0.671225520085 
31.002  7.414203e+02  2.210103e-287  4.076832e+02  3.778653e+01  7.355287e-287 -3.117111e+01  0.793461304535  0.000000000000 -0.608620701427 -0.000000000000  1.000000000000  0.000000000000  0.608620701427  0.000000000000  0.793461304535 
31.252  7.507330e+02  4.767526e-287  3.998596e+02  3.682490e+01  1.267317e-286 -3.137071e+01  0.941494760520  0.000000000000 -0.337027618919 -0.000000000000  1.000000000000  0.000000000000  0.337027618919  0.000000000000  0.941494760520 
31.502  7.599033e+02  8.387526e-287  3.920138e+02  3.668447e+01  1.597278e-286 -3.138852e+01  0.999189724392  0.000000000000  0.040247915095 -0.000000000000  1.000000000000 -0.000000000000 -0.040247915095  0.000000000000  0.999189724392 
31.752  7.691482e+02  1.134389e-286  3.841575e+02  3.742683e+01  7.800887e-287 -3.150476e+01  0.913893228110  0.000000000000  0.405954637385 -0.000000000000  1.000000000000 -0.000000000000 -0.405954637385  0.000000000000  0.913893228110 
32.002  7.786789e+02  7.923112e-287  3.762297e+02  3.894199e+01 -3.286082e-286 -3.198578e+01  0.757510888340  0.000000000000  0.652822528753 -0.000000000000  1.000000000000 -0.000000000000 -0.652822528753 -0.000000000000  0.757510888340 
32.252  7.886479e+02 -1.395736e-286  3.681293e+02  4.086667e+01 -1.356809e-285 -3.287680e+01  0.647152869729  0.000000000000  0.762360258147 -0.000000000000  1.000000000000 -0.000000000000 -0.762360258147 -0.000000000000  0.647152869729 
32.502  7.991181e+02 -7.609792e-286  3.597796e+02  4.290994e+01 -3.471744e-285 -3.392884e+01  0.651244816672  0.000000000000  0.758867701749 -0.000000000000  1.000000000000 -0.000000000000 -0.758867701749 -0.000000000000  0.651244816672 
32.752  8.100881e+02 -2.145254e-285  3.511805e+02  4.482049e+01 -7.331293e-285 -3.481959e+01  0.767750492512  0.000000000000  0.640748922159 -0.000000000000  1.000000000000 -0.000000000000 -0.640748922159 -0.000000000000  0.767750492512 
33.002  8.214896e+02 -4.741452e-285  3.424046e+02  4.631211e+01 -1.301387e-284 -3.530320e+01  0.923661157366  0.000000000000  0.383210211728 -0.000000000000  1.000000000000 -0.000000000000 -0.383210211728 -0.000000000000  0.923661157366 
33.252  8.331763e+02 -8.576386e-285  3.335574e+02  4.704332e+01 -1.726666e-284 -3.543071e+01  0.999969637588  0.000000000000  0.007792554219 -0.000000000000  1.000000000000  0.000000000000 -0.007792554219 -0.000000000000  0.999969637588 
33.502  8.449365e+02 -1.210037e-284  3.246992e+02  4.688209e+01 -1.102118e-284 -3.544121e+01  0.928016766555  0.000000000000 -0.372538428881 -0.000000000000  1.000000000000  0.000000000000  0.372538428881 -0.000000000000  0.928016766555 
33.752  8.565456e+02 -9.870315e-285  3.158202e+02  4.586118e+01  2.700563e-284 -3.564484e+01  0.768705491078  0.000000000000 -0.639602898669 -0.000000000000  1.000000000000  0.000000000000  0.639602898669 -0.000000000000  0.768705491078 
34.002  8.678243e+02  1.011013e-284  3.068496e+02  4.428776e+01  1.263306e-283 -3.616423e+01  0.643256978764  0.000000000000 -0.765650350533 -0.000000000000  1.000000000000  0.000000000000  0.765650350533  0.000000000000  0.643256978764 
34.252  8.786795e+02  6.944014e-284  2.977224e+02  4.253519e+01  3.344411e-283 -3.686497e+01  0.631052852196  0.000000000000 -0.775739838951 -0.000000000000  1.000000000000  0.000000000000  0.775739838951  0.000000000000  0.631052852196 
34.502  8.891053e+02  2.047949e-283  2.884271e+02  4.090478e+01  7.217277e-283 -3.746296e+01  0.738791229407  0.000000000000 -0.673934358341 -0.000000000000  1.000000000000  0.000000000000  0.673934358341  0.000000000000  0.738791229407 
34.752  8.991724e+02  4.653019e-283  2.790175e+02  3.972838e+01  1.317750e-282 -3.776063e+01  0.901232133876  0.000000000000 -0.433336636889 -0.000000000000  1.000000000000  0.000000000000  0.433336636889  0.000000000000  0.901232133876 
35.002  9.090375e+02  8.667343e-283  2.695692e+02  3.934183e+01  1.850656e-282 -3.778443e+01  0.997977873261  0.000000000000 -0.063562288208 -0.000000000000  1.000000000000 -0.000000000000  0.063562288208  0.000000000000  0.997977873261 
35.252  9.189190e+02  1.277389e-282  2.601184e+02  3.986681e+01  1.441497e-282 -3.785178e+01  0.943750183022  0.000000000000  0.330659329288 -0.000000000000  1.000000000000 -0.000000000000 -0.330659329288  0.000000000000  0.943750183022 
35.502  9.290408e+02  1.188391e-282  2.506151e+02  4.123777e+01 -1.997269e-282 -3.825422e+01  0.784271602508  0.000000000000  0.620417644413 -0.000000000000  1.000000000000 -0.000000000000 -0.620417644413  0.000000000000  0.784271602508 
35.752  9.395780e+02 -5.711261e-283  2.409541e+02  4.313102e+01 -1.149537e-281 -3.910618e+01  0.643584998214  0.000000000000  0.765374646872 -0.000000000000  1.000000000000 -0.000000000000 -0.765374646872 -0.000000000000  0.643584998214 
36.002  9.506181e+02 -6.139935e-282  2.310422e+02  4.522465e+01 -3.168641e-281 -4.020736e+01  0.611729962271  0.000000000000  0.791066655384 -0.000000000000  1.000000000000 -0.000000000000 -0.791066655384 -0.000000000000  0.611729962271 
36.252  9.621785e+02 -1.918180e-281  2.208576e+02  4.724347e+01 -7.005619e-281 -4.123610e+01  0.707056378646  0.000000000000  0.707157180135 -0.000000000000  1.000000000000 -0.000000000000 -0.707157180135 -0.000000000000  0.707056378646 
36.502  9.742083e+02 -4.497642e-281  2.104571e+02  4.892417e+01 -1.318529e-280 -4.189683e+01  0.873452360418  0.000000000000  0.486909615924 -0.000000000000  1.000000000000 -0.000000000000 -0.486909615924 -0.000000000000  0.873452360418 
36.752  9.865808e+02 -8.652973e-281  1.999475e+02  4.992182e+01 -1.949297e-280 -4.212062e+01  0.991898117462  0.000000000000  0.127035918443 -0.000000000000  1.000000000000 -0.000000000000 -0.127035918443 -0.000000000000  0.991898117462 
37.002  9.990927e+02 -1.330389e-280  1.894146e+02  5.001560e+01 -1.786773e-280 -4.211514e+01  0.960160888689  0.000000000000 -0.279447790887 -0.000000000000  1.000000000000  0.000000000000  0.279447790887 -0.000000000000  0.960160888689 
37.252  1.011511e+03 -1.386850e-280  1.788750e+02  4.918507e+01  1.213624e-280 -4.224991e+01  0.804367327859  0.000000000000 -0.594132310073 -0.000000000000  1.000000000000  0.000000000000  0.594132310073 -0.000000000000  0.804367327859 
37.502  1.023632e+03  9.675731e-282  1.682607e+02  4.768966e+01  1.011939e-279 -4.272693e+01  0.648673466248  0.000000000000 -0.761066839499 -0.000000000000  1.000000000000  0.000000000000  0.761066839499  0.000000000000  0.648673466248 
37.752  1.035335e+03  5.209214e-280  1.574909e+02  4.590273e+01  2.951392e-279 -4.345899e+01  0.595101159598  0.000000000000 -0.803650800936 -0.000000000000  1.000000000000  0.000000000000  0.803650800936  0.000000000000  0.595101159598 
38.002  1.046589e+03  1.758703e-279  1.465343e+02  4.413548e+01  6.698982e-279 -4.416192e+01  0.673482003868  0.000000000000 -0.739203619083 -0.000000000000  1.000000000000  0.000000000000  0.739203619083  0.000000000000  0.673482003868 
38.252  1.057437e+03  4.275402e-279  1.354322e+02  4.272779e+01  1.299713e-278 -4.459903e+01  0.840135491687  0.000000000000 -0.542376580991 -0.000000000000  1.000000000000  0.000000000000  0.542376580991  0.000000000000  0.840135491687 
38.502  1.068014e+03  8.512922e-279  1.242634e+02  4.202955e+01  2.029467e-278 -4.471036e+01  0.980260432927  0.000000000000 -0.197710605778 -0.000000000000  1.000000000000  0.000000000000  0.197710605778  0.000000000000  0.980260432927 
38.752  1.078531e+03  1.367720e-278  1.130844e+02  4.226308e+01  2.095948e-278 -4.473491e+01  0.975995271982  0.000000000000  0.217791710285 -0.000000000000  1.000000000000 -0.000000000000 -0.217791710285  0.000000000000  0.975995271982 
39.002  1.089223e+03  1.570528e-278  1.018749e+02  4.342852e+01 -3.705456e-279 -4.500248e+01  0.828764644463  0.000000000000  0.559597323160 -0.000000000000  1.000000000000 -0.000000000000 -0.559597323160  0.000000000000  0.828764644463 
39.252  1.100294e+03  3.937862e-279  9.053995e+01  4.523538e+01 -8.563202e-278 -4.576273e+01  0.659215654372  0.000000000000  0.751953935445 -0.000000000000  1.000000000000 -0.000000000000 -0.751953935445 -0.000000000000  0.659215654372 
39.502  1.111860e+03 -4.188958e-278  7.896462e+01  4.732929e+01 -2.691385e-277 -4.688525e+01  0.581728709134  0.000000000000  0.813382879688 -0.000000000000  1.000000000000 -0.000000000000 -0.813382879688 -0.000000000000  0.581728709134 
39.752  1.123956e+03 -1.573005e-277  6.709637e+01  4.944054e+01 -6.303964e-277 -4.804550e+01  0.639498647113  0.000000000000  0.768792221826 -0.000000000000  1.000000000000 -0.000000000000 -0.768792221826 -0.000000000000  0.639498647113 
40.002  1.136557e+03 -3.990450e-277  5.496943e+01  5.132791e+01 -1.261638e-276 -4.889346e+01  0.801343973085  0.000000000000  0.598203842182 -0.000000000000  1.000000000000 -0.000000000000 -0.598203842182 -0.000000000000  0.801343973085 
40.252  1.149567e+03 -8.240931e-277  4.268836e+01  5.263459e+01 -2.075978e-276 -4.928040e+01  0.961612516399  0.000000000000  0.274410947860 -0.000000000000  1.000000000000 -0.000000000000 -0.274410947860 -0.000000000000  0.961612516399 
40.502  1.162798e+03 -1.384466e-276  3.035802e+01  5.306200e+01 -2.385538e-276 -4.933436e+01  0.989416177669  0.000000000000 -0.145105573174 -0.000000000000  1.000000000000  0.000000000000  0.145105573174 -0.000000000000  0.989416177669 
40.752  1.176017e+03 -1.735608e-276  1.802145e+01  5.251924e+01 -4.680116e-277 -4.939143e+01  0.857401100327  0.000000000000 -0.514648766790 -0.000000000000  1.000000000000  0.000000000000  0.514648766790 -0.000000000000  0.857401100327 
41.002  1.188992e+03 -8.804100e-277  5.634787e+00  5.115654e+01  6.860694e-276 -4.976124e+01  0.676047742104  0.000000000000 -0.736857822376 -0.000000000000  1.000000000000  0.000000000000  0.736857822376  0.000000000000  0.676047742104 
41.252  1.201565e+03  3.110626e-276 -6.889822e+00  4.937993e+01  2.397589e-275 -5.048240e+01  0.572847426203  0.000000000000 -0.819662019550 -0.000000000000  1.000000000000  0.000000000000  0.819662019550  0.000000000000  0.572847426203 
41.502  1.213679e+03  1.367306e-275 -1.961290e+01  4.752104e+01  5.829316e-275 -5.129753e+01  0.605728894630  0.000000000000 -0.795671104295 -0.000000000000  1.000000000000  0.000000000000  0.795671104295  0.000000000000  0.605728894630 
