0.00195312  0.000000e+00  0.000000e+00  0.000000e+00  0.000000e+00  0.000000e+00  0.000000e+00  0.998750260395  0.000000000000 -0.049979169271  0.000000000000  1.000000000000  0.000000000000  0.049979169271 -0.000000000000  0.998750260395 
0.126953  8.190745e-02 -1.230206e-04  1.599721e+00  1.522022e+00 -4.391731e-04  2.549315e+01  0.998767266016  0.001315462625 -0.049620740558 -0.001314316720  0.999999134733  0.000055722071  0.049620770923  0.000009563988  0.998768130750 
0.251953  3.619184e-01 -7.137647e-04  7.490873e+00  2.841804e+00 -9.085385e-03  5.655084e+01  0.999175941843  0.001339546778 -0.040566523844 -0.001342355127  0.999999098159 -0.000041989749  0.040566431013  0.000096409828  0.999176838893 
0.376953  7.626627e-01 -1.598134e-03  1.678075e+01  3.232813e+00 -6.892954e-03  8.535886e+01  0.999702409716  0.001955419345 -0.024316010017 -0.001959928270  0.999998066282 -0.000161599337  0.024315647003  0.000209208883  0.999704309055 
0.501953  1.137867e+00 -2.360768e-03  2.780785e+01  3.207474e+00 -7.767261e-03  1.002708e+02  0.999561176503  0.005265804065 -0.029150055499 -0.005261083789  0.999986131932  0.000238625170  0.029150907798 -0.000085159571  0.999575018357 
0.626953  1.555510e+00 -2.825341e-03  4.266377e+01  3.168489e+00  1.203255e-03  1.233882e+02  0.999758172728  0.008329457350 -0.020352302171 -0.008326409491  0.999965307358  0.000234491484  0.020353549283 -0.000064973176  0.999792842948 
0.751953  1.957086e+00 -2.773998e-03  5.899749e+01  3.094750e+00  5.749726e-04  1.301887e+02  0.999722190958  0.010658480162 -0.021022314506 -0.010648951992  0.999943138604  0.000565137084  0.021027142650 -0.000341114466  0.999778847002 
0.876953  2.306305e+00 -2.131222e-03  7.560496e+01  2.898127e+00  8.779440e-03  1.469754e+02  0.999688054119  0.012272536141 -0.021752685078 -0.012261474951  0.999924619318  0.000641805555  0.021758921928 -0.000374885343  0.999763176346 
1.00195  2.668812e+00 -7.603347e-04  9.436097e+01  2.665633e+00  1.412994e-02  1.450645e+02  0.999726755022  0.014017485028 -0.018706293216 -0.014011003496  0.999901727054  0.000477509261  0.018711148373 -0.000215284844  0.999824907961 
1.12695  3.003276e+00  1.694260e-03  1.140208e+02  2.431952e+00  2.576229e-02  1.523103e+02  0.999752218600  0.015236130255 -0.016228423819 -0.015232962221  0.999883920872  0.000318816067  0.016231397561 -0.000071530103  0.999868259631 
1.25195  3.281624e+00  4.673225e-03  1.321485e+02  2.232913e+00  2.731608e-02  1.581679e+02  0.999777225456  0.016363765674 -0.013331415262 -0.016357603053  0.999866042316  0.000571179120  0.013338976058 -0.000352981877  0.999910969598 
1.37695  3.559155e+00  9.256357e-03  1.520676e+02  2.004703e+00  3.964045e-02  1.545208e+02  0.999778411407  0.017215201801 -0.012114656882 -0.017213095219  0.999851805014  0.000278142555  0.012117649831 -0.000069550179  0.999926576167 
1.50195  3.806541e+00  1.498504e-02  1.719940e+02  1.769368e+00  4.094150e-02  1.527755e+02  0.999780787401  0.017968514691 -0.010747540388 -0.017967639129  0.999838553093  0.000178025210  0.010749004079  0.000015121742  0.999942227672 
1.62695  4.005747e+00  2.068992e-02  1.891712e+02  1.581550e+00  4.164771e-02  1.370889e+02  0.999788317903  0.018406672203 -0.009193138932 -0.018404753658  0.999830575169  0.000293257240  0.009196979276 -0.000123997705  0.999957699204 
1.75195  4.199241e+00  2.754955e-02  2.092886e+02  1.384627e+00  4.266405e-02  1.492371e+02  0.999788655999  0.018822949357 -0.008266795876 -0.018822914315  0.999822829888  0.000082049673  0.008266875664  0.000073572858  0.999965826093 
1.87695  4.368071e+00  3.437987e-02  2.280514e+02  1.197891e+00  4.587501e-02  1.426238e+02  0.999789940394  0.019192288686 -0.007192436444 -0.019192499014  0.999815806236  0.000039783573  0.007191875180  0.000098265614  0.999974133303 
2.00195  4.501606e+00  4.167359e-02  2.440568e+02  1.059099e+00  5.543554e-02  1.468762e+02  0.999792734545  0.019362436285 -0.006291582677 -0.019360700504  0.999812507383  0.000336683426  0.006296922063 -0.000214804195  0.999980151119 
2.12695  4.628046e+00  5.022124e-02  2.620820e+02  8.921956e-01  5.231619e-02  1.259150e+02  0.999791604934  0.019675319916 -0.005443205785 -0.019672802072  0.999806338689  0.000515727591  0.005452298752 -0.000408537005  0.999985052656 
2.25195  4.731905e+00  5.832348e-02  2.793994e+02  7.224313e-01  5.506874e-02  1.353185e+02  0.999791703341  0.019778350592 -0.005036544339 -0.019772553173  0.999803785884  0.001198278845  0.005059256077 -0.001098443907  0.999986598585 
2.37695  4.805733e+00  6.612490e-02  2.923382e+02  5.652881e-01  7.547576e-02  1.153340e+02  0.999764947064  0.020066028247 -0.008210062885 -0.020054092606  0.999797720353  0.001533540680  0.008239174227 -0.001368534855  0.999965120952 
2.50195  4.866323e+00  7.576287e-02  3.058108e+02  3.743405e-01  9.446733e-02  8.347260e+01  0.999761964615  0.020182064205 -0.008288449442 -0.020190122597  0.999795762822 -0.000889714709  0.008268800353  0.001056847736  0.999965254403 
2.62695  4.907559e+00  8.775784e-02  3.171665e+02  2.388805e-01  9.470979e-02  9.711229e+01  0.999791675722  0.020390021733 -0.000923130707 -0.020390044940  0.999792101299 -0.000015734416  0.000922617964  0.000034553815  0.999999573791 
2.75195  4.930614e+00  9.981715e-02  3.270048e+02  1.598189e-01  1.088051e-01  1.003887e+02  0.999758013284  0.020490803990 -0.008002613701 -0.020481288901  0.999789430856  0.001269155048  0.008026934605 -0.001104944087  0.999967173171 
2.87695  4.946012e+00  1.135395e-01  3.353877e+02  7.584843e-02  1.137119e-01  3.112808e+01  0.999788666583  0.020520792383  0.001232579322 -0.020519441719  0.999788850467 -0.001098632594 -0.001254863875  0.001073108577  0.999998636876 
3.00195  4.952935e+00  1.287353e-01  3.424296e+02  2.851131e-02  1.173421e-01  5.631093e+01  0.999757729573  0.020456310360 -0.008125363042 -0.020451302712  0.999790605942  0.000698918162  0.008137958926 -0.000532574576  0.999966744441 
3.12695  4.953278e+00  1.428051e-01  3.510297e+02 -2.080391e-02  1.298859e-01  7.392046e+01  0.999788526994  0.020217924916  0.003759894085 -0.020228090429  0.999791784325  0.002685582613 -0.003704814309 -0.002761070162  0.999989325364 
3.25195  4.950410e+00  1.594255e-01  3.566892e+02 -2.629042e-02  1.182743e-01  5.418566e+01  0.999793435043  0.020020401242 -0.003502967178 -0.020038681997  0.999785348856 -0.005263785417  0.003396832166  0.005332892949  0.999980010692 
3.37695  4.943826e+00  1.729495e-01  3.611816e+02 -8.712950e-02  1.026586e-01 -8.117412e+00  0.999638640845  0.026033431518 -0.006696877815 -0.025998981227  0.999648544018  0.005180870299  0.006829399989 -0.005004886144  0.999964154563 
3.50195  4.932181e+00  1.870598e-01  3.661367e+02 -1.005648e-01  1.433658e-01 -2.358402e+01  0.999966523248 -0.000378084692  0.008173703906  0.000347095898  0.999992748719  0.003792365335 -0.008175078472 -0.003789401320  0.999959403441 
3.62695  4.921021e+00  2.058786e-01  3.735496e+02 -7.267022e-02  1.387137e-01  5.370576e+00  0.997966157773 -0.063735231670  0.001169693724  0.063741491404  0.997945490574 -0.006466847539 -0.000755124551  0.006528253014  0.999978405617 
3.75195  4.910467e+00  2.221747e-01  3.791214e+02 -9.265467e-02  1.221824e-01  2.281234e+00  0.997623973938 -0.067730899047 -0.012606821073  0.067748126308  0.997702009739  0.000944004294  0.012513912461 -0.001795849821  0.999920085266 
3.87695  4.898654e+00  2.373248e-01  3.809495e+02 -1.101095e-01  1.388227e-01 -2.787149e-01  0.995363808660 -0.096088950176 -0.004219249312  0.096122125992  0.995333016672  0.008527767422  0.003380133927 -0.008893794275  0.999954736535 
4.00195  4.884701e+00  2.571491e-01  3.863856e+02 -9.721682e-02  1.675945e-01 -2.866284e+00  0.987175181759 -0.159284576111  0.010657595039  0.159268959586  0.987232541553  0.002303782113 -0.010888481594 -0.000576812453  0.999940552361 
4.12695  4.872379e+00  2.791230e-01  3.893345e+02 -9.101635e-02  1.656230e-01 -5.249478e+00  0.965484486964 -0.260387930666  0.006150690594  0.260407776231  0.965495038407 -0.002668499739 -0.005243616126  0.004178082761  0.999977523805 
4.25195  4.862063e+00  2.977264e-01  3.933902e+02 -9.779296e-02  1.587937e-01 -7.274762e+00  0.964227427353 -0.264965618750 -0.007660888964  0.264975183807  0.964255201063  0.000243289256  0.007322588740 -0.002264531635  0.999970625364 
4.37695  4.849541e+00  3.200176e-01  3.952363e+02 -9.449206e-02  1.884119e-01 -9.366956e+00  0.954976901580 -0.296291746003 -0.015176254465  0.296377280469  0.955063834347  0.003685097525  0.013402427800 -0.008017080043  0.999878043242 
4.50195  4.837255e+00  3.455020e-01  3.996406e+02 -1.000540e-01  2.046057e-01  8.857769e+00  0.911408395170 -0.411385291160 -0.009842734912  0.411376727557  0.911460557804 -0.002973145184  0.010194372850 -0.001339322597  0.999947139091 
4.62695  4.825033e+00  3.693444e-01  3.991055e+02 -1.127258e-01  1.961488e-01  7.174602e+00  0.879212526867 -0.476424368238  0.002270231203  0.476417938330  0.879147105397 -0.011238999479  0.003358666035  0.010963048001  0.999934263310 
4.75195  4.809737e+00  3.940095e-01  4.034676e+02 -1.225221e-01  1.886635e-01  5.419403e+00  0.833820914605 -0.551758707565  0.017464563973  0.551994396167  0.833726058807 -0.014249402309 -0.006698430288  0.021521791110  0.999745939496 
4.87695  4.793267e+00  4.178760e-01  4.072743e+02 -1.358054e-01  1.772857e-01  3.752098e+00  0.824531700359 -0.565251247986  0.025268592231  0.565584600951  0.824648972189 -0.008254200995 -0.016172021198  0.021097377035  0.999646620768 
5.00195  4.776677e+00  4.381367e-01  4.091536e+02 -1.484986e-01  1.656558e-01  2.295450e+00  0.842624335489 -0.537996006588  0.023335083811  0.538084765015  0.842885989437  0.002827449396 -0.021189971690  0.010173775420  0.999723701526 
5.12695  4.757847e+00  4.584857e-01  4.094480e+02 -1.419241e-01  1.496661e-01  7.592887e-01  0.850460732879 -0.525875212502  0.013107353209  0.525633433338  0.850519638523  0.018050990125 -0.020640629581 -0.008461995222  0.999751148560 
5.25195  4.740468e+00  4.770103e-01  4.127974e+02 -1.234865e-01  1.395330e-01 -7.185072e-01  0.851363297167 -0.524568057869 -0.002981426055  0.524432526966  0.850982676945  0.028266733101 -0.012290683360 -0.025628815893  0.999595969829 
5.37695  4.726609e+00  4.928347e-01  4.130884e+02 -1.077058e-01  1.370065e-01 -2.026334e+00  0.864622735017 -0.502153903853 -0.016400699300  0.502421658759  0.864165443126  0.028116964944  0.000053873867 -0.032550633678  0.999470086268 
5.50195  4.713661e+00  5.101690e-01  4.152540e+02 -8.812093e-02  1.358743e-01 -3.423831e+00  0.876072286177 -0.481380825670 -0.027746172164  0.481920989595  0.876036288505  0.017679960703  0.015795859602 -0.028860386339  0.999458637923 
5.62695  4.703510e+00  5.282900e-01  4.143404e+02 -6.316135e-02  1.453837e-01 -4.786352e+00  0.876996603491 -0.479299467127 -0.033896582071  0.479526819909  0.877525765171 -0.001600140501  0.030512070608 -0.014851002422  0.999424064786 
5.75195  4.696879e+00  5.455922e-01  4.192734e+02 -4.817152e-02  1.472540e-01 -6.002869e+00  0.877528761903 -0.478397183153 -0.032854332811  0.477865280902  0.878132159800 -0.022993112738  0.039850286596  0.004477172775  0.999195631287 
5.87695  4.690933e+00  5.649763e-01  4.181538e+02 -4.263395e-02  1.521920e-01 -7.314451e+00  0.882710979734 -0.469266189387 -0.024709709740  0.467876828532  0.882557778957 -0.046723014942  0.043733277725  0.029681817669  0.998602218163 
6.00195  4.685891e+00  5.843766e-01  4.182652e+02 -3.356101e-02  1.507153e-01 -8.608530e+00  0.887431035414 -0.460820902029 -0.010500173234  0.459051640558  0.885625276033 -0.070281304433  0.041686312924  0.057549689014  0.997471946778 
6.12695  4.682301e+00  6.022062e-01  4.185972e+02 -2.728004e-02  1.556665e-01 -9.770799e+00  0.890199761250 -0.455520914454  0.006714280737  0.454167860191  0.886207181726 -0.091478881861  0.035720300109  0.084483889307  0.995784380580 
6.25195  4.679326e+00  6.222502e-01  4.188140e+02 -1.910087e-02  1.552296e-01  7.923015e+00  0.892583461366 -0.449967080273  0.028712212836  0.450139487576  0.885650915643 -0.114003935660  0.025869020480  0.114682528274  0.993065310787 
6.37695  4.677305e+00  6.416745e-01  4.176638e+02 -1.289198e-02  1.478326e-01  6.657629e+00  0.894733596518 -0.443520810570  0.052355342165  0.446370496566  0.884347047673 -0.136688255047  0.014323793400  0.145669454120  0.989229618986 
6.50195  4.675455e+00  6.590159e-01  4.184386e+02 -1.479402e-02  1.490758e-01  5.508125e+00  0.896531535214 -0.436805580087  0.073702724320  0.442966105705  0.882694156110 -0.156946028834  0.003497937121  0.173354872948  0.984853213662 
6.62695  4.673477e+00  6.781677e-01  4.178937e+02 -1.808196e-02  1.524729e-01  4.250021e+00  0.898380582226 -0.428347664126  0.097111318166  0.439129322693  0.880409199128 -0.179011396402 -0.008818584352  0.203464789897  0.979042548535 
6.75195  4.670503e+00  6.979895e-01  4.179927e+02 -2.904201e-02  1.562403e-01  3.000509e+00  0.899817230489 -0.419335577432  0.120360397203  0.435737783956  0.877431782737 -0.200614182638 -0.021483373771  0.232961670972  0.972248591930 
6.87695  4.666787e+00  7.164823e-01  4.186202e+02 -3.359465e-02  1.587099e-01  1.875142e+00  0.901616586902 -0.409287034526  0.139898726200  0.431339007161  0.874840200581 -0.220456989795 -0.032158842097  0.259111456360  0.965311898848 
7.00195  4.662613e+00  7.375602e-01  4.184820e+02 -3.551792e-02  1.733915e-01  6.533592e-01  0.904744708042 -0.395194845644  0.158927805138  0.423782398996  0.872760147260 -0.242277121612 -0.042959184937  0.286549750186  0.957101744381 
7.12695  4.658107e+00  7.605931e-01  4.179591e+02 -3.600644e-02  1.912337e-01 -5.471471e-01  0.909786310473 -0.377166083469  0.173304976145  0.411919067958  0.871806715645 -0.265095703489 -0.051103333829  0.312568066245  0.948519716841 
7.25195  4.653435e+00  7.842496e-01  4.153925e+02 -4.216717e-02  2.146746e-01 -1.604784e+00  0.916534800654 -0.356728424783  0.180855716364  0.396159750101  0.871866291938 -0.287935099253 -0.054967368406  0.335550294194  0.940417241695 
7.37695  4.647834e+00  8.143041e-01  4.132711e+02 -4.393351e-02  2.554046e-01 -2.742212e+00  0.926781222202 -0.328615826572  0.181901634681  0.371621529690  0.872569365619 -0.317049114261 -0.054534437232  0.361433729346  0.930801619276 
7.50195  4.642650e+00  8.502879e-01  4.148053e+02 -3.684067e-02  3.084084e-01 -3.830579e+00  0.934919228435 -0.299636420861  0.190115889910  0.349645693920  0.869333895966 -0.349294239930 -0.060612911380  0.393035103545  0.917523559564 
7.62695  4.638828e+00  8.888602e-01  4.128194e+02 -2.342308e-02  3.576234e-01 -4.779068e+00  0.936833656977 -0.274562734800  0.216697955263  0.340229964199  0.859063308704 -0.382431435815 -0.081155841547  0.432001778119  0.898213890499 
7.75195  4.637332e+00  9.393192e-01  4.100211e+02  9.582601e-03  4.350014e-01 -5.774420e+00  0.936759212700 -0.238925382021  0.255728057216  0.332394249754  0.836074448037 -0.436455702301 -0.109527348876  0.493856435785  0.862617864806 
7.87695  4.641555e+00  1.001498e+00  4.093693e+02  6.955496e-02  5.440489e-01 -6.685655e+00  0.936399099258 -0.183674337985  0.299032547516  0.322309796114  0.787199020468 -0.525770004377 -0.138827671006  0.588711677937  0.796332492131 
8.00195  4.655126e+00  1.070895e+00  4.075739e+02  1.862682e-01  6.615246e-01 -7.417352e+00  0.936234155398 -0.101287420457  0.336461683886  0.309933789864  0.689193639730 -0.654945167824 -0.165549545957  0.717462880861  0.676639019286 
8.12695  4.691961e+00  1.165424e+00  4.056221e+02  4.398114e-01  8.306086e-01 -8.118357e+00  0.939045366761  0.046218513698  0.340672347213  0.288191910487  0.434478763813 -0.853330900956 -0.187454586217  0.899495443450  0.394675468352 
8.25195  4.773514e+00  1.283069e+00  4.034470e+02  9.070215e-01  1.007001e+00 -8.772504e+00  0.956893429542  0.214842085347  0.195442684340  0.227242835497 -0.134742126392 -0.964471488998 -0.180874703079  0.967309380570 -0.177755180086 
8.37695  4.907913e+00  1.404667e+00  4.019161e+02  1.427819e+00  1.033661e+00 -9.567820e+00  0.993415779431  0.066387619327 -0.093369016153 -0.004588768357 -0.791277318094 -0.611440225268 -0.114472845611  0.607842816747 -0.785762736293 
8.50195  5.112593e+00  1.520296e+00  4.012881e+02  1.655195e+00  6.609988e-01  4.027248e+00  0.895330562335 -0.325317401363  0.304223228107 -0.354197240728 -0.934159784525  0.043471963798  0.270050918921 -0.146676805754 -0.951608331113 
8.62695  5.304628e+00  1.569406e+00  3.985582e+02  1.077992e+00 -3.239436e-01  3.265151e+00  0.775676987679  0.156365295967  0.611453272950 -0.297049285515 -0.764354598039  0.572296925059  0.556854498733 -0.625549312743 -0.546444072680 
8.75195  5.412846e+00  1.476346e+00  3.957014e+02  9.116554e-01 -1.186964e+00  2.597871e+00  0.830807453495  0.544600699978  0.114756493503 -0.067430645737 -0.106175515747  0.992058399426  0.552460028629 -0.831947617004 -0.051488632993 
8.87695  5.543675e+00  1.291657e+00  3.950960e+02  1.150870e+00 -1.681994e+00  1.696553e+00  0.909185580270  0.285040783218 -0.303534730354  0.104982075358  0.548498546748  0.829534874535  0.402939628831 -0.786066852194  0.468762796518 
9.00195  5.703959e+00  1.052816e+00  3.909577e+02  1.362026e+00 -2.030000e+00  8.188678e-01  0.947402281845 -0.160247205362 -0.277037451492  0.255333635722  0.900347293661  0.352391097031  0.192960231200 -0.404593109149  0.893907582026 
9.12695  5.901178e+00  8.025572e-01  3.897098e+02  2.018913e+00 -2.229834e+00  8.496978e-01  0.937599379689 -0.344455823920 -0.047514088175  0.314518922058  0.898395271095 -0.306535127744  0.148274242114  0.272463065830  0.950672723330 
9.25195  6.215974e+00  5.103583e-01  3.852118e+02  3.029382e+00 -2.265003e+00  5.658011e-02  0.968528950651 -0.155264923019  0.194536565792  0.225170314141  0.213506272650 -0.950638417680  0.106066023683  0.964524688756  0.241748057698 
9.37695  6.702283e+00  2.163536e-01  3.835257e+02  4.417254e+00 -2.350460e+00 -2.157572e+00  0.754220119864  0.312065951229 -0.577725586136 -0.445628170420 -0.402929221077 -0.799414521090 -0.482252573368  0.860385311872 -0.164831946521 
9.50195  7.191968e+00 -7.262037e-02  3.842502e+02  3.693078e+00 -2.599662e+00 -3.816600e+00  0.343232635830  0.810790637697 -0.474141223186 -0.901971476792  0.143720702993 -0.407175410093 -0.261990100489  0.567417748537  0.780639664564 
9.62695  7.605512e+00 -4.304665e-01  3.821916e+02  2.580442e+00 -3.071057e+00 -4.871931e+00  0.926938156320  0.361384500304  0.100930160497 -0.352227103198  0.930783381757 -0.097869116766 -0.129312497966  0.055168280599  0.990068047503 
9.75195  7.815775e+00 -8.903032e-01  3.797690e+02  1.113659e+00 -3.888616e+00 -6.187275e+00  0.754171044145 -0.590910664992  0.286444797774  0.411371951423  0.765135113828  0.495319467788 -0.511858529044 -0.255720244772  0.820126821082 
9.87695  7.913208e+00 -1.370784e+00  3.771744e+02  5.007574e-01 -4.369603e+00 -7.233181e+00  0.261009377711 -0.948075433424 -0.181733533737  0.565819384871 -0.002278162721  0.824526066100 -0.782126926049 -0.318037391689  0.535844836718 
10.002  7.921201e+00 -2.017693e+00  3.756002e+02 -3.733013e-01 -5.757419e+00 -8.881472e+00 -0.054390799539 -0.366879239075 -0.928677158576  0.327910722213 -0.885035785668  0.330433376559 -0.943141664430 -0.286550662226  0.168441440253 
10.127  7.881896e+00 -2.787064e+00  3.727929e+02 -3.373421e-02 -6.126291e+00 -6.603143e+01  0.578358074750  0.247934102197 -0.777194067360  0.028633402760 -0.958279610066 -0.284394650402 -0.815280360133  0.142228231723 -0.561327947356 
10.252  7.927092e+00 -3.536104e+00  3.706250e+02  9.591628e-01 -6.819820e+00 -9.653431e+00  0.798995485257  0.014418333615 -0.601164142472 -0.469849160811 -0.608956527444 -0.639072541867 -0.375297189736  0.793072543554 -0.479779074196 
10.377  8.055834e+00 -4.432295e+00  3.679821e+02  1.047712e+00 -7.187509e+00 -1.840555e+00  0.695306423641  0.200101848042 -0.690295753756 -0.712339784192  0.319495973272 -0.624895475197  0.095503974272  0.926218966267  0.364688109794 
10.502  8.199965e+00 -5.445573e+00  3.662257e+02  1.218898e+00 -8.699370e+00 -1.814134e+00  0.867921851279  0.489669285234 -0.083280556982 -0.490615716722  0.871317488387  0.010102125361  0.077510506246  0.032090894808  0.996474934904 
10.627  8.351186e+00 -6.507851e+00  3.636259e+02  1.365036e+00 -9.494589e+00 -2.608555e+00  0.978105481583 -0.193956643865  0.075435317971  0.093683064866  0.734035615919  0.672618166511 -0.185830972268 -0.650824503890  0.736134712456 
10.752  8.552770e+00 -7.843018e+00  3.622642e+02  1.741955e+00 -1.123577e+01 -3.909405e+00  0.197395227338 -0.861160329628 -0.468442110511  0.847870447695 -0.089888756369  0.522528195798 -0.492088232078 -0.500322793958  0.712408782720 
10.877  8.767511e+00 -9.338687e+00  3.600116e+02  1.446279e+00 -1.193134e+01 -5.618476e+00  0.340710899273 -0.939708431121 -0.029396387483  0.794539894651  0.304510864494 -0.525337500293  0.502615597575  0.155631609533  0.850386008345 
11.002  8.858914e+00 -1.080394e+01  3.567445e+02  3.389490e-01 -1.296315e+01 -6.563495e+00  0.865810766360 -0.257810906223  0.428841758096  0.434747465828  0.811896971636 -0.389638227597 -0.247722340153  0.523790840012  0.815031777361 
11.127  8.881978e+00 -1.251213e+01  3.564143e+02  6.656569e-02 -1.354180e+01 -7.101494e+00  0.493344303224  0.328418636562  0.805451797214 -0.635181851280  0.768649854832  0.075640045417 -0.594268806417 -0.548924949173  0.587814584622 
11.252  8.912701e+00 -1.429834e+01  3.539219e+02  3.165897e-01 -1.378315e+01 -6.794475e+00  0.068613115085  0.814007417353  0.576787798876 -0.925900926775 -0.163322786058  0.340636377022  0.371483127793 -0.557420480471  0.742484137013 
11.377  8.929600e+00 -1.587433e+01  3.515406e+02 -3.873841e-01 -1.263800e+01 -8.202453e+00 -0.069281448033  0.902820429624 -0.424399991531 -0.994915616319 -0.031359346457  0.095705317480  0.073095809474  0.428872782119  0.900402765097 
11.502  8.869174e+00 -1.747916e+01  3.494605e+02 -4.266764e-01 -1.242560e+01  1.045808e+01  0.966420989720  0.022319171492 -0.255992822580 -0.053639397070  0.991796590135 -0.116027319536  0.251303174891  0.125862537638  0.959690229141 
11.627  8.813234e+00 -1.911575e+01  3.485247e+02 -5.136693e-01 -1.317146e+01 -9.550909e+00 -0.063464142207 -0.717778522208  0.693373128778  0.725645295488  0.443786800766  0.525825237699 -0.685135904613  0.536513996577  0.492688059209 
11.752  8.750431e+00 -2.067550e+01  3.450834e+02 -5.780914e-01 -1.355770e+01  5.019455e+00 -0.955011610128  0.189963665535  0.227742464854  0.290338655012  0.755444508520  0.587373016024 -0.060467263271  0.627070490713 -0.776612071596 
11.877  8.678174e+00 -2.237362e+01  3.429838e+02 -2.227611e-01 -1.257857e+01  4.476341e+00 -0.014631650365  0.996926783073  0.076960405405  0.407098941597  0.076239933679 -0.910196640437 -0.913266864918  0.018012820579 -0.406963354292 
12.002  8.651212e+00 -2.396731e+01  3.412387e+02 -3.066776e-01 -1.191346e+01  2.506405e+00  0.856355302462 -0.295463122522  0.423505772304  0.329631968610  0.944076523586 -0.007891950571 -0.397490076877  0.146359355161  0.905859027631 
12.127  8.606650e+00 -2.525192e+01  3.390663e+02 -4.485997e-01 -1.039240e+01  1.874667e+00  0.072658258081  0.399408120961 -0.913889451981  0.867095032692  0.427472125758  0.255761189356  0.492815362802 -0.811012166746 -0.315265417666 
12.252  8.536029e+00 -2.658506e+01  3.367637e+02 -6.244843e-01 -1.016254e+01  1.123211e+00  0.191484600244  0.069052703444  0.979063517866 -0.792570102603 -0.577510003208  0.195741739685  0.578935471646 -0.813458001584 -0.055855163847 
12.377  8.382540e+00 -2.783986e+01  3.358184e+02 -1.486486e+00 -9.812217e+00  1.080670e-01  0.998400022591  0.030396499055 -0.047680685141 -0.016216423350  0.961723978719  0.273539789373  0.054170310171 -0.272328921714  0.960678164577 
12.502  8.157796e+00 -2.898768e+01  3.338973e+02 -2.398394e+00 -9.137592e+00 -6.721928e-01  0.948222190502 -0.265009225988 -0.175056526814 -0.236356839733 -0.220613112051 -0.946290282684  0.212155890209  0.938669252150 -0.271826991517 
12.627  7.882417e+00 -3.017640e+01  3.315743e+02 -2.217153e+00 -9.538397e+00 -2.249142e+00  0.489491173834 -0.859716797680 -0.145895231332  0.713824191851  0.298951420756  0.633311196140 -0.500852686792 -0.414143786401  0.760020730190 
12.752  7.585983e+00 -3.147519e+01  3.284592e+02 -2.028997e+00 -1.073893e+01 -2.987466e+00  0.775849010449  0.448339123290  0.443903529512 -0.179813805471  0.831533254335 -0.525565830602 -0.604752270230  0.327939746694  0.725761816432 
12.877  7.347223e+00 -3.272392e+01  3.260408e+02 -2.148817e+00 -1.061696e+01 -4.495948e+00  0.383284916671  0.075984535058 -0.920499333560 -0.815276378192  0.496200940893 -0.298511395795  0.434070385785  0.864876278255  0.252134732823 
13.002  7.159817e+00 -3.407599e+01  3.244707e+02 -1.208095e+00 -1.035185e+01 -5.919477e+00  0.639125359266  0.206420995122  0.740884031355 -0.740599599698 -0.094640920422  0.665248321388  0.207439167158 -0.973875489452  0.092387894091 
13.127  6.987557e+00 -3.537495e+01  3.229716e+02 -1.290459e+00 -9.435547e+00 -6.539051e+00 -0.492750452191 -0.280693992049 -0.823655191627  0.535544644486 -0.843869483361 -0.032805926510 -0.685849054550 -0.457269261902  0.566141233697 
13.252  6.838547e+00 -3.645073e+01  3.201372e+02 -1.594224e+00 -9.187550e+00 -7.881799e+00  0.950183603495 -0.247658687944 -0.189251932448  0.271489608663  0.955879540880  0.112194900573  0.153116008429 -0.157985688000  0.975497826932 
13.377  6.588698e+00 -3.763014e+01  3.185605e+02 -2.624896e+00 -9.082064e+00 -9.815747e+00 -0.520593918470 -0.021804397814  0.853525945879 -0.508390177544  0.811053315129 -0.289364730739 -0.685945624251 -0.584565726206 -0.433314565087 
13.502  6.295509e+00 -3.881792e+01  3.164459e+02 -1.790915e+00 -9.173750e+00  7.813372e+00 -0.652898373229 -0.745178715216  0.135765962684 -0.046423900339  0.218273045517  0.974782898433 -0.756021518022  0.630131383118 -0.177104218748 
13.627  6.125034e+00 -3.990720e+01  3.141170e+02 -1.162229e+00 -9.576403e+00  5.660611e+00 -0.842412835027  0.014976995273 -0.538624456364  0.202486561133  0.935146921322 -0.290687853381  0.499339371511 -0.353943392586 -0.790812409427 
13.752  5.990715e+00 -4.111023e+01  3.125036e+02 -1.080886e+00 -9.076990e+00  4.308473e+00 -0.042653812187 -0.695934146503  0.716837719458 -0.569400111058 -0.572629824409 -0.589812341109  0.820953205629 -0.433325221893 -0.371840135325 
13.877  5.828098e+00 -4.223570e+01  3.112271e+02 -1.291245e+00 -8.637903e+00  3.904457e+00  0.721683309835 -0.152474328211  0.675222022406  0.688982676722  0.063942883676 -0.721951645752  0.066903448953  0.986236729626  0.151198682714 
14.002  5.664648e+00 -4.325079e+01  3.073216e+02 -1.228990e+00 -8.093834e+00  3.076890e+00  0.898365864492 -0.391681774222 -0.198806844092  0.438064147208  0.765715667184  0.470934517698 -0.032226952170 -0.510161645727  0.859474559706 
14.127  5.553375e+00 -4.426502e+01  3.052481e+02 -8.140144e-01 -7.686602e+00  1.979497e+00 -0.876930150314  0.352870156010 -0.326306856300 -0.456209510869 -0.824757121615  0.334138552904 -0.151216380273  0.441880462730  0.884237107904 
14.252  5.431173e+00 -4.525441e+01  3.037453e+02 -1.094124e+00 -7.444444e+00  7.787214e-01  0.312063137168  0.179877901674 -0.932877558370  0.774598612725  0.520374023762  0.359454954838  0.550103251749 -0.834778303433  0.023056377260 
14.377  5.315312e+00 -4.613131e+01  3.015585e+02 -9.894700e-01 -7.490937e+00 -3.770901e-01  0.967733843996 -0.100103183363 -0.231237020964  0.178970521968  0.919062432225  0.351132165913  0.177371811319 -0.381187091010  0.907323339387 
