0.00195312  0.000000e+00  0.000000e+00  0.000000e+00  0.000000e+00  0.000000e+00  0.000000e+00  0.998750260395  0.000000000000 -0.049979169271  0.000000000000  1.000000000000  0.000000000000  0.049979169271 -0.000000000000  0.998750260395 
0.126953  1.925009e-02  5.353823e-312  3.140750e-01  3.130907e-01  8.704404e-311  4.993206e+00  0.998750260395  0.000000000000 -0.049979169271  0.000000000000  1.000000000000  0.000000000000  0.049979169271 -0.000000000000  0.998750260395 
0.251953  7.768115e-02  2.158093e-311  1.258888e+00  6.266716e-01  1.738403e-310  1.004648e+01  0.998750260395  0.000000000000 -0.049979169271  0.000000000000  1.000000000000  0.000000000000  0.049979169271 -0.000000000000  0.998750260395 
0.376953  1.752686e-01  4.860281e-311  2.835810e+00  9.393438e-01  2.596158e-310  1.510460e+01  0.998750260395  0.000000000000 -0.049979169271  0.000000000000  1.000000000000  0.000000000000  0.049979169271 -0.000000000000  0.998750260395 
0.501953  3.118124e-01  8.624464e-311  5.044226e+00  1.249707e+00  3.436057e-310  2.014779e+01  0.998750260395  0.000000000000 -0.049979169271  0.000000000000  1.000000000000  0.000000000000  0.049979169271 -0.000000000000  0.998750260395 
0.626953  4.869399e-01  1.346409e-310  7.881323e+00  1.556434e+00  4.473682e-310  2.516169e+01  0.998748507006 -0.000000000000 -0.050014195511  0.000000000000  1.000000000000 -0.000000000000  0.050014195511  0.000000000000  0.998748507006 
0.751953  7.001404e-01  2.062860e-310  1.134216e+01  1.858687e+00  7.445539e-310  3.012489e+01  0.998742730889 -0.000000000000 -0.050129407496  0.000000000000  1.000000000000 -0.000000000000  0.050129407496  0.000000000000  0.998742730889 
0.876953  9.508080e-01  3.311519e-310  1.541968e+01  2.155712e+00  1.310701e-309  3.502510e+01  0.998733261414 -0.000000000000 -0.050317716012  0.000000000000  1.000000000000 -0.000000000000  0.050317716012  0.000000000000  0.998733261414 
1.00195  1.238254e+00  5.455330e-310  2.010475e+01  2.446982e+00  2.188067e-309  3.984464e+01  0.998718847722 -0.000000000000 -0.050602996010  0.000000000000  1.000000000000 -0.000000000000  0.050602996010  0.000000000000  0.998718847722 
1.12695  1.561742e+00  8.905323e-310  2.538628e+01  2.732298e+00  3.411358e-309  4.456742e+01  0.998698118890 -0.000000000000 -0.051010462908  0.000000000000  1.000000000000 -0.000000000000  0.051010462908  0.000000000000  0.998698118890 
1.25195  1.920535e+00  1.411261e-309  3.125140e+01  3.011823e+00  5.009510e-309  4.918050e+01  0.998669629467 -0.000000000000 -0.051565212879  0.000000000000  1.000000000000 -0.000000000000  0.051565212879  0.000000000000  0.998669629467 
1.37695  2.313938e+00  2.155653e-309  3.768549e+01  3.286103e+00  6.996783e-309  5.367238e+01  0.998631919937 -0.000000000000 -0.052290424383  0.000000000000  1.000000000000 -0.000000000000  0.052290424383  0.000000000000  0.998631919937 
1.50195  2.741348e+00  3.172162e-309  4.467248e+01  3.556059e+00  9.366187e-309  5.802830e+01  0.998583596223 -0.000000000000 -0.053205275631  0.000000000000  1.000000000000 -0.000000000000  0.053205275631  0.000000000000  0.998583596223 
1.62695  3.202300e+00  4.506850e-309  5.219491e+01  3.822949e+00  1.208546e-308  6.223887e+01  0.998523432541 -0.000000000000 -0.054322690170  0.000000000000  1.000000000000 -0.000000000000  0.054322690170  0.000000000000  0.998523432541 
1.75195  3.696501e+00  6.200042e-309  6.023417e+01  4.088298e+00  1.509435e-308  6.629740e+01  0.998450500458 -0.000000000000 -0.055647085602  0.000000000000  1.000000000000 -0.000000000000  0.055647085602  0.000000000000  0.998450500458 
1.87695  4.223862e+00  8.282770e-309  6.877069e+01  4.353792e+00  1.830408e-308  7.019828e+01  0.998364322924 -0.000000000000 -0.057172359682  0.000000000000  1.000000000000 -0.000000000000  0.057172359682  0.000000000000  0.998364322924 
2.00195  4.784506e+00  1.077332e-308  7.778416e+01  4.621134e+00  2.159971e-308  7.393228e+01  0.998265044681 -0.000000000000 -0.058880392044  0.000000000000  1.000000000000 -0.000000000000  0.058880392044  0.000000000000  0.998265044681 
2.12695  5.378762e+00  1.367425e-308  8.725369e+01  4.891875e+00  2.484568e-308  7.749542e+01  0.998153600004 -0.000000000000 -0.060740355613  0.000000000000  1.000000000000 -0.000000000000  0.060740355613  0.000000000000  0.998153600004 
2.25195  6.007135e+00  1.697043e-308  9.715801e+01  5.167236e+00  2.789603e-308  8.089010e+01  0.998031847116 -0.000000000000 -0.062709107330  0.000000000000  1.000000000000 -0.000000000000  0.062709107330  0.000000000000  0.998031847116 
2.37695  6.670251e+00  2.062852e-308  1.074757e+02  5.447928e+00  3.060819e-308  8.411166e+01  0.997902629267 -0.000000000000 -0.064732854887  0.000000000000  1.000000000000 -0.000000000000  0.064732854887  0.000000000000  0.997902629267 
2.50195  7.368788e+00  2.459832e-308  1.181853e+02  5.733997e+00  3.285812e-308  8.716313e+01  0.997769720111 -0.000000000000 -0.066750173262  0.000000000000  1.000000000000 -0.000000000000  0.066750173262  0.000000000000  0.997769720111 
2.62695  8.103382e+00  2.881615e-308  1.292654e+02  6.024724e+00  3.455670e-308  9.004439e+01  0.997637620172 -0.000000000000 -0.068696279506  0.000000000000  1.000000000000 -0.000000000000  0.068696279506  0.000000000000  0.997637620172 
2.75195  8.874530e+00  3.321005e-308  1.406952e+02  6.318585e+00  3.566439e-308  9.276080e+01  0.997511193861 -0.000000000000 -0.070508284073  0.000000000000  1.000000000000 -0.000000000000  0.070508284073  0.000000000000  0.997511193861 
2.87695  9.682491e+00  3.770677e-308  1.524540e+02  6.613307e+00  3.620159e-308  9.531237e+01  0.997395170562 -0.000000000000 -0.072130948561  0.000000000000  1.000000000000 -0.000000000000  0.072130948561  0.000000000000  0.997395170562 
3.00195  1.052720e+01  4.223951e-308  1.645219e+02  6.906005e+00  3.625209e-308  9.770797e+01  0.997293571465 -0.000000000000 -0.073522325280  0.000000000000  1.000000000000 -0.000000000000  0.073522325280  0.000000000000  0.997293571465 
3.12695  1.140820e+01  4.675558e-308  1.768795e+02  7.193412e+00  3.595715e-308  9.995407e+01  0.997209154821 -0.000000000000 -0.074658566430  0.000000000000  1.000000000000 -0.000000000000  0.074658566430  0.000000000000  0.997209154821 
3.25195  1.232464e+01  5.122280e-308  1.895082e+02  7.472178e+00  3.550142e-308  1.020490e+02  0.997142984670 -0.000000000000 -0.075537196949  0.000000000000  1.000000000000 -0.000000000000  0.075537196949  0.000000000000  0.997142984670 
3.37695  1.327523e+01  5.563365e-308  2.023903e+02  7.739203e+00  3.509020e-308  1.040072e+02  0.997094214505 -0.000000000000 -0.076178260685  0.000000000000  1.000000000000 -0.000000000000  0.076178260685  0.000000000000  0.997094214505 
3.50195  1.425834e+01  6.000599e-308  2.155086e+02  7.991969e+00  3.491939e-308  1.058336e+02  0.997060138592 -0.000000000000 -0.076622973253  0.000000000000  1.000000000000 -0.000000000000  0.076622973253  0.000000000000  0.997060138592 
3.62695  1.527208e+01  6.438003e-308  2.288472e+02  8.228836e+00  3.514442e-308  1.075367e+02  0.997036509797 -0.000000000000 -0.076929826027  0.000000000000  1.000000000000 -0.000000000000  0.076929826027  0.000000000000  0.997036509797 
3.75195  1.631441e+01  6.881145e-308  2.423908e+02  8.449233e+00  3.585338e-308  1.091164e+02  0.997018069584 -0.000000000000 -0.077168445123  0.000000000000  1.000000000000 -0.000000000000  0.077168445123  0.000000000000  0.997018069584 
3.87695  1.738331e+01  7.336175e-308  2.561251e+02  8.653747e+00  3.704583e-308  1.105895e+02  0.996999199356 -0.000000000000 -0.077411862682  0.000000000000  1.000000000000 -0.000000000000  0.077411862682  0.000000000000  0.996999199356 
4.00195  1.847687e+01  7.808673e-308  2.700365e+02  8.844060e+00  3.863242e-308  1.119575e+02  0.996974590792 -0.000000000000 -0.077728150077  0.000000000000  1.000000000000 -0.000000000000  0.077728150077  0.000000000000  0.996974590792 
4.12695  1.959348e+01  8.302592e-308  2.841124e+02  9.022756e+00  4.044258e-308  1.132244e+02  0.996939846553 -0.000000000000 -0.078172516626  0.000000000000  1.000000000000 -0.000000000000  0.078172516626  0.000000000000  0.996939846553 
4.25195  2.073187e+01  8.819389e-308  2.983409e+02  9.193007e+00  4.225347e-308  1.143989e+02  0.996891947209 -0.000000000000 -0.078780997646  0.000000000000  1.000000000000 -0.000000000000  0.078780997646  0.000000000000  0.996891947209 
4.37695  2.189119e+01  9.357618e-308  3.127111e+02  9.358188e+00  4.383021e-308  1.154915e+02  0.996829546931 -0.000000000000 -0.079566666169  0.000000000000  1.000000000000 -0.000000000000  0.079566666169  0.000000000000  0.996829546931 
4.50195  2.307101e+01  9.913048e-308  3.272126e+02  9.521465e+00  4.497007e-308  1.165026e+02  0.996753076586 -0.000000000000 -0.080518968680  0.000000000000  1.000000000000 -0.000000000000  0.080518968680  0.000000000000  0.996753076586 
4.62695  2.427127e+01  1.047933e-307  3.418358e+02  9.685426e+00  4.554454e-308  1.174426e+02  0.996664641355 -0.000000000000 -0.081606327408  0.000000000000  1.000000000000 -0.000000000000  0.081606327408  0.000000000000  0.996664641355 
4.75195  2.549215e+01  1.104914e-307  3.565719e+02  9.851795e+00  4.552977e-308  1.183104e+02  0.996567709032 -0.000000000000 -0.082781648423  0.000000000000  1.000000000000 -0.000000000000  0.082781648423  0.000000000000  0.996567709032 
4.87695  2.673402e+01  1.161560e-307  3.714127e+02  1.002129e+01  4.502914e-308  1.191167e+02  0.996466605120 -0.000000000000 -0.083989909402  0.000000000000  1.000000000000 -0.000000000000  0.083989909402  0.000000000000  0.996466605120 
5.00195  2.799726e+01  1.217363e-307  3.863506e+02  1.019361e+01  4.421221e-308  1.198658e+02  0.996365864972 -0.000000000000 -0.085176658294  0.000000000000  1.000000000000 -0.000000000000  0.085176658294  0.000000000000  0.996365864972 
5.12695  2.928229e+01  1.272091e-307  4.013787e+02  1.037090e+01  4.335811e-308  1.205616e+02  0.996270483428 -0.000000000000 -0.086285131108  0.000000000000  1.000000000000 -0.000000000000  0.086285131108  0.000000000000  0.996270483428 
5.25195  3.058986e+01  1.325884e-307  4.164906e+02  1.055360e+01  4.277267e-308  1.212089e+02  0.996187776690 -0.000000000000 -0.087234818590  0.000000000000  1.000000000000 -0.000000000000  0.087234818590  0.000000000000  0.996187776690 
5.37695  3.192039e+01  1.379266e-307  4.316807e+02  1.073768e+01  4.275509e-308  1.218134e+02  0.996123293717 -0.000000000000 -0.087968083500  0.000000000000  1.000000000000 -0.000000000000  0.087968083500  0.000000000000  0.996123293717 
5.50195  3.327380e+01  1.433093e-307  4.469436e+02  1.091887e+01  4.352220e-308  1.223795e+02  0.996079044300 -0.000000000000 -0.088467720133  0.000000000000  1.000000000000 -0.000000000000  0.088467720133  0.000000000000  0.996079044300 
5.62695  3.464948e+01  1.488405e-307  4.622746e+02  1.109335e+01  4.514173e-308  1.229036e+02  0.996053347227 -0.000000000000 -0.088756574285  0.000000000000  1.000000000000 -0.000000000000  0.088756574285  0.000000000000  0.996053347227 
5.75195  3.604641e+01  1.546215e-307  4.776694e+02  1.125846e+01  4.749442e-308  1.233999e+02  0.996041403239 -0.000000000000 -0.088890511496  0.000000000000  1.000000000000 -0.000000000000  0.088890511496  0.000000000000  0.996041403239 
5.87695  3.746333e+01  1.607221e-307  4.931244e+02  1.141279e+01  5.012239e-308  1.238669e+02  0.996039795235 -0.000000000000 -0.088908527763  0.000000000000  1.000000000000 -0.000000000000  0.088908527763  0.000000000000  0.996039795235 
6.00195  3.889887e+01  1.671352e-307  5.086358e+02  1.155643e+01  5.248388e-308  1.243057e+02  0.996036207763 -0.000000000000 -0.088948708957  0.000000000000  1.000000000000 -0.000000000000  0.088948708957  0.000000000000  0.996036207763 
6.12695  4.035184e+01  1.738270e-307  5.242008e+02  1.169223e+01  5.453109e-308  1.247214e+02  0.996022531104 -0.000000000000 -0.089101725762  0.000000000000  1.000000000000 -0.000000000000  0.089101725762  0.000000000000  0.996022531104 
6.25195  4.182147e+01  1.807405e-307  5.398163e+02  1.182338e+01  5.596192e-308  1.251172e+02  0.995996838511 -0.000000000000 -0.089388465009  0.000000000000  1.000000000000 -0.000000000000  0.089388465009  0.000000000000  0.995996838511 
6.37695  4.330738e+01  1.877857e-307  5.554797e+02  1.195322e+01  5.659478e-308  1.254887e+02  0.995957396934 -0.000000000000 -0.089826852852  0.000000000000  1.000000000000 -0.000000000000  0.089826852852  0.000000000000  0.995957396934 
6.50195  4.480959e+01  1.948614e-307  5.711888e+02  1.208475e+01  5.643871e-308  1.258454e+02  0.995905108425 -0.000000000000 -0.090404728936  0.000000000000  1.000000000000 -0.000000000000  0.090404728936  0.000000000000  0.995905108425 
6.62695  4.632847e+01  2.018738e-307  5.869413e+02  1.222016e+01  5.561893e-308  1.261877e+02  0.995843112271 -0.000000000000 -0.091085101651  0.000000000000  1.000000000000 -0.000000000000  0.091085101651  0.000000000000  0.995843112271 
6.75195  4.786457e+01  2.087364e-307  6.027351e+02  1.236046e+01  5.415228e-308  1.265096e+02  0.995776004133 -0.000000000000 -0.091815846090  0.000000000000  1.000000000000 -0.000000000000  0.091815846090  0.000000000000  0.995776004133 
6.87695  4.941850e+01  2.153259e-307  6.185687e+02  1.250546e+01  5.145431e-308  1.268190e+02  0.995708815246 -0.000000000000 -0.092541640580  0.000000000000  1.000000000000 -0.000000000000  0.092541640580  0.000000000000  0.995708815246 
7.00195  5.099079e+01  2.213756e-307  6.344402e+02  1.265395e+01  4.601715e-308  1.271169e+02  0.995645949817 -0.000000000000 -0.093215570663  0.000000000000  1.000000000000 -0.000000000000  0.093215570663  0.000000000000  0.995645949817 
7.12695  5.258177e+01  2.263479e-307  6.503484e+02  1.280407e+01  3.535424e-308  1.274049e+02  0.995590304449 -0.000000000000 -0.093808025712  0.000000000000  1.000000000000 -0.000000000000  0.093808025712  0.000000000000  0.995590304449 
7.25195  5.419150e+01  2.293941e-307  6.662920e+02  1.295378e+01  1.765903e-308  1.276835e+02  0.995542767370 -0.000000000000 -0.094311178216  0.000000000000  1.000000000000 -0.000000000000  0.094311178216  0.000000000000  0.995542767370 
7.37695  5.581984e+01  2.297455e-307  6.822698e+02  1.310140e+01 -2.862691e-309  1.279539e+02  0.995502204309 -0.000000000000 -0.094738383017  0.000000000000  1.000000000000 -0.000000000000  0.094738383017  0.000000000000  0.995502204309 
7.50195  5.746644e+01  2.281817e-307  6.982810e+02  1.324590e+01 -4.041250e-309  1.282172e+02  0.995465911388 -0.000000000000 -0.095118974258  0.000000000000  1.000000000000 -0.000000000000  0.095118974258  0.000000000000  0.995465911388 
7.62695  5.913089e+01  2.305411e-307  7.143247e+02  1.338711e+01  7.505639e-308  1.284742e+02  0.995430394562 -0.000000000000 -0.095489944931  0.000000000000  1.000000000000 -0.000000000000  0.095489944931  0.000000000000  0.995430394562 
7.75195  6.081283e+01  2.544222e-307  7.304002e+02  1.352569e+01  3.634813e-307  1.287256e+02  0.995392262399 -0.000000000000 -0.095886620320  0.000000000000  1.000000000000 -0.000000000000  0.095886620320 -0.000000000000  0.995392262399 
7.87695  6.251199e+01  3.387823e-307  7.465068e+02  1.366288e+01  1.078150e-306  1.289724e+02  0.995349008407 -0.000000000000 -0.096334580831  0.000000000000  1.000000000000 -0.000000000000  0.096334580831 -0.000000000000  0.995349008407 
8.00195  6.422829e+01  5.532428e-307  7.626439e+02  1.380016e+01  2.503118e-306  1.292154e+02  0.995299509571 -0.000000000000 -0.096844650072  0.000000000000  1.000000000000  0.000000000000  0.096844650072 -0.000000000000  0.995299509571 
8.12695  6.596182e+01  9.967324e-307  7.788110e+02  1.393888e+01  4.857934e-306  1.294548e+02  0.995244148078 -0.000000000000 -0.097411938267  0.000000000000  1.000000000000  0.000000000000  0.097411938267 -0.000000000000  0.995244148078 
8.25195  6.771283e+01  1.765461e-306  7.950076e+02  1.407995e+01  7.983316e-306  1.296894e+02  0.995184556059 -0.000000000000 -0.098018872579  0.000000000000  1.000000000000  0.000000000000  0.098018872579 -0.000000000000  0.995184556059 
8.37695  6.946741e+01  2.937754e-306  8.110897e+02  1.374303e+01  1.360645e-305  1.252151e+02  0.995123066311 -0.000000000000 -0.098641182554  0.000000000000  1.000000000000  0.000000000000  0.098641182554 -0.000000000000  0.995123066311 
8.50195  7.113746e+01  4.865655e-306  8.261656e+02  1.298461e+01  2.205857e-305  1.163342e+02  0.995061735788 -0.000000000000 -0.099257956710  0.000000000000  1.000000000000  0.000000000000  0.099257956710 -0.000000000000  0.995061735788 
8.62695  7.271912e+01  8.016708e-306  8.402011e+02  1.232678e+01  3.795355e-305  1.085128e+02  0.995001111811 -0.000000000000 -0.099863844780  0.000000000000  1.000000000000  0.000000000000  0.099863844780 -0.000000000000  0.995001111811 
8.75195  7.422376e+01  1.425724e-305  8.533156e+02  1.175078e+01  8.029665e-305  1.015566e+02  0.994940403025 -0.000000000000 -0.100466882248  0.000000000000  1.000000000000  0.000000000000  0.100466882248 -0.000000000000  0.994940403025 
8.87695  7.566069e+01  2.946512e-305  8.656075e+02  1.124242e+01  1.972979e-304  9.532001e+01  0.994878113177 -0.000000000000 -0.101081847639  0.000000000000  1.000000000000  0.000000000000  0.101081847639 -0.000000000000  0.994878113177 
9.00195  7.703767e+01  6.895494e-305  8.771590e+02  1.079078e+01  4.980014e-304  8.968334e+01  0.994812526995 -0.000000000000 -0.101725297410  0.000000000000  1.000000000000  0.000000000000  0.101725297410 -0.000000000000  0.994812526995 
9.12695  7.836123e+01  1.687960e-304  8.880393e+02  1.038728e+01  1.216985e-303  8.455946e+01  0.994742014652 -0.000000000000 -0.102412520158  0.000000000000  1.000000000000  0.000000000000  0.102412520158 -0.000000000000  0.994742014652 
9.25195  7.963695e+01  4.087043e-304  8.983073e+02  1.002509e+01  2.840421e-303  7.986916e+01  0.994665184655 -0.000000000000 -0.103156048956  0.000000000000  1.000000000000  0.000000000000  0.103156048956 -0.000000000000  0.994665184655 
9.37695  8.086966e+01  9.576314e-304  9.080138e+02  9.698654e+00  6.353451e-303  7.555916e+01  0.994580930594 -0.000000000000 -0.103965246595  0.000000000000  1.000000000000  0.000000000000  0.103965246595 -0.000000000000  0.994580930594 
9.50195  8.206352e+01  2.163910e-303  9.172024e+02  9.403412e+00  1.372610e-302  7.157214e+01  0.994488413565 -0.000000000000 -0.104846532064  0.000000000000  1.000000000000  0.000000000000  0.104846532064 -0.000000000000  0.994488413565 
9.62695  8.322220e+01  4.733219e-303  9.259115e+02  9.135556e+00  2.887261e-302  6.787673e+01  0.994387011900 -0.000000000000 -0.105803925093  0.000000000000  1.000000000000  0.000000000000  0.105803925093 -0.000000000000  0.994387011900 
9.75195  8.434892e+01  1.008079e-302  9.341745e+02  8.891872e+00  5.955881e-302  6.442508e+01  0.994276259259 -0.000000000000 -0.106839694281  0.000000000000  1.000000000000  0.000000000000  0.106839694281 -0.000000000000  0.994276259259 
9.87695  8.544652e+01  2.103198e-302  9.420209e+02  8.669626e+00  1.212245e-301  6.120034e+01  0.994155783518 -0.000000000000 -0.107954981806  0.000000000000  1.000000000000  0.000000000000  0.107954981806 -0.000000000000  0.994155783518 
10.002  8.651753e+01  4.322529e-302  9.494767e+02  8.466472e+00  2.447057e-301  5.817101e+01  0.994025252818 -0.000000000000 -0.109150340178  0.000000000000  1.000000000000  0.000000000000  0.109150340178 -0.000000000000  0.994025252818 
10.127  8.756415e+01  9.036736e-302  9.565653e+02  8.278562e+00  5.499372e-301  5.531831e+01  0.993883476709 -0.000000000000 -0.110433847733  0.000000000000  1.000000000000  0.000000000000  0.110433847733 -0.000000000000  0.993883476709 
10.252  8.858804e+01  2.049500e-301  9.633074e+02  8.102819e+00  1.358376e-300  5.262120e+01  0.993726137841 -0.000000000000 -0.111840792969  0.000000000000  1.000000000000  0.000000000000  0.111840792969 -0.000000000000  0.993726137841 
10.377  8.959066e+01  4.864122e-301  9.697216e+02  7.938337e+00  3.284947e-300  5.006858e+01  0.993548725649 -0.000000000000 -0.113406039350  0.000000000000  1.000000000000  0.000000000000  0.113406039350 -0.000000000000  0.993548725649 
10.502  9.057337e+01  1.150706e-300  9.758247e+02  7.784329e+00  7.606793e-300  4.764164e+01  0.993347360805 -0.000000000000 -0.115156505598  0.000000000000  1.000000000000  0.000000000000  0.115156505598 -0.000000000000  0.993347360805 
10.627  9.153744e+01  2.653375e-300  9.816318e+02  7.640092e+00  1.693464e-299  4.532807e+01  0.993118699581 -0.000000000000 -0.117112119534  0.000000000000  1.000000000000  0.000000000000  0.117112119534 -0.000000000000  0.993118699581 
10.752  9.248405e+01  5.936473e-300  9.871565e+02  7.504979e+00  3.654854e-299  4.311787e+01  0.992859817470 -0.000000000000 -0.119286976884  0.000000000000  1.000000000000  0.000000000000  0.119286976884 -0.000000000000  0.992859817470 
10.877  9.341429e+01  1.292187e-299  9.924113e+02  7.378388e+00  7.705547e-299  4.100465e+01  0.992568089291 -0.000000000000 -0.121690542448  0.000000000000  1.000000000000  0.000000000000  0.121690542448 -0.000000000000  0.992568089291 
11.002  9.432921e+01  2.749534e-299  9.974073e+02  7.259750e+00  1.596851e-298  3.897666e+01  0.992241075564 -0.000000000000 -0.124328789765  0.000000000000  1.000000000000  0.000000000000  0.124328789765 -0.000000000000  0.992241075564 
11.127  9.522976e+01  5.747048e-299  1.002155e+03  7.148529e+00  3.268716e-298  3.702631e+01  0.991876419846 -0.000000000000 -0.127205219051  0.000000000000  1.000000000000  0.000000000000  0.127205219051 -0.000000000000  0.991876419846 
11.252  9.611684e+01  1.185151e-298  1.006663e+03  7.044216e+00  6.634669e-298  3.514991e+01  0.991471758649 -0.000000000000 -0.130321724210  0.000000000000  1.000000000000  0.000000000000  0.130321724210 -0.000000000000  0.991471758649 
11.377  9.699128e+01  2.420222e-298  1.010941e+03  6.946333e+00  1.339425e-297  3.333689e+01  0.991024643797 -0.000000000000 -0.133679300521  0.000000000000  1.000000000000  0.000000000000  0.133679300521 -0.000000000000  0.991024643797 
11.502  9.785386e+01  4.909395e-298  1.014997e+03  6.854429e+00  2.695987e-297  3.158299e+01  0.990532476294 -0.000000000000 -0.137278597771  0.000000000000  1.000000000000  0.000000000000  0.137278597771 -0.000000000000  0.990532476294 
11.627  9.870530e+01  9.917062e-298  1.018836e+03  6.768086e+00  5.420263e-297  2.988659e+01  0.989992450558 -0.000000000000 -0.141120331062  0.000000000000  1.000000000000  0.000000000000  0.141120331062 -0.000000000000  0.989992450558 
11.752  9.954626e+01  1.998893e-297  1.022467e+03  6.686912e+00  1.089982e-296  2.823746e+01  0.989401507914 -0.000000000000 -0.145205565106  0.000000000000  1.000000000000  0.000000000000  0.145205565106 -0.000000000000  0.989401507914 
11.877  1.003774e+02  4.026376e-297  1.025894e+03  6.610547e+00  2.194426e-296  2.663694e+01  0.988756298583 -0.000000000000 -0.149535888714  0.000000000000  1.000000000000  0.000000000000  0.149535888714 -0.000000000000  0.988756298583 
12.002  1.011992e+02  8.114083e-297  1.029124e+03  6.538664e+00  4.425533e-296  2.507527e+01  0.988053151674 -0.000000000000 -0.154113495406  0.000000000000  1.000000000000  0.000000000000  0.154113495406 -0.000000000000  0.988053151674 
12.127  1.020124e+02  1.637114e-296  1.032162e+03  6.470962e+00  8.942263e-296  2.355459e+01  0.987288053162 -0.000000000000 -0.158941184351  0.000000000000  1.000000000000  0.000000000000  0.158941184351 -0.000000000000  0.987288053162 
12.252  1.028173e+02  3.308229e-296  1.035012e+03  6.407174e+00  1.810239e-295  2.206935e+01  0.986456632196 -0.000000000000 -0.164022293595  0.000000000000  1.000000000000  0.000000000000  0.164022293595 -0.000000000000  0.986456632196 
12.377  1.036144e+02  6.696079e-296  1.037678e+03  6.347060e+00  3.670249e-295  2.061791e+01  0.985554156591 -0.000000000000 -0.169360575181  0.000000000000  1.000000000000  0.000000000000  0.169360575181 -0.000000000000  0.985554156591 
12.502  1.044043e+02  1.357288e-295  1.040164e+03  6.290413e+00  7.449148e-295  1.919384e+01  0.984575538796 -0.000000000000 -0.174960019448  0.000000000000  1.000000000000  0.000000000000  0.174960019448 -0.000000000000  0.984575538796 
12.627  1.051873e+02  2.754063e-295  1.042475e+03  6.237055e+00  1.512448e-294  1.779877e+01  0.983515354150 -0.000000000000 -0.180824633697  0.000000000000  1.000000000000  0.000000000000  0.180824633697 -0.000000000000  0.983515354150 
12.752  1.059638e+02  5.590796e-295  1.044612e+03  6.186839e+00  3.069536e-294  1.642809e+01  0.982367873778 -0.000000000000 -0.186958178661  0.000000000000  1.000000000000  0.000000000000  0.186958178661 -0.000000000000  0.982367873778 
12.877  1.067342e+02  1.134634e-294  1.046580e+03  6.139647e+00  6.221449e-294  1.507959e+01  0.981127115001 -0.000000000000 -0.193363864797  0.000000000000  1.000000000000  0.000000000000  0.193363864797 -0.000000000000  0.981127115001 
13.002  1.074989e+02  2.300126e-294  1.048381e+03  6.095395e+00  1.258052e-293  1.375125e+01  0.979786912673 -0.000000000000 -0.200044009546  0.000000000000  1.000000000000  0.000000000000  0.200044009546 -0.000000000000  0.979786912673 
13.127  1.082583e+02  4.653103e-294  1.050016e+03  6.054030e+00  2.535165e-293  1.244117e+01  0.978341015321 -0.000000000000 -0.206999656380  0.000000000000  1.000000000000  0.000000000000  0.206999656380 -0.000000000000  0.978341015321 
13.252  1.090126e+02  9.383399e-294  1.051489e+03  6.015533e+00  5.084702e-293  1.114868e+01  0.976783210247 -0.000000000000 -0.214230157028  0.000000000000  1.000000000000  0.000000000000  0.214230157028 -0.000000000000  0.976783210247 
13.377  1.097623e+02  1.883982e-293  1.052801e+03  5.979917e+00  1.013558e-292  9.870604e+00  0.975107481711 -0.000000000000 -0.221732719982  0.000000000000  1.000000000000  0.000000000000  0.221732719982 -0.000000000000  0.975107481711 
13.502  1.105078e+02  3.760900e-293  1.053955e+03  5.947232e+00  2.004569e-292  8.604325e+00  0.973308205620 -0.000000000000 -0.229501932175  0.000000000000  1.000000000000  0.000000000000  0.229501932175 -0.000000000000  0.973308205620 
13.627  1.112494e+02  7.408291e-293  1.054951e+03  5.918737e+00  3.814385e-292  7.349664e+00  0.971381629529 -0.000000000000 -0.237524166797  0.000000000000  1.000000000000  0.000000000000  0.237524166797 -0.000000000000  0.971381629529 
13.752  1.119877e+02  1.410238e-292  1.055790e+03  5.895414e+00  6.862398e-292  6.104026e+00  0.969330162283 -0.000000000000 -0.245762154303  0.000000000000  1.000000000000  0.000000000000  0.245762154303 -0.000000000000  0.969330162283 
13.877  1.127235e+02  2.590725e-292  1.056474e+03  5.876601e+00  1.196161e-291  4.864487e+00  0.967157803574 -0.000000000000 -0.254176676715  0.000000000000  1.000000000000  0.000000000000  0.254176676715 -0.000000000000  0.967157803574 
14.002  1.134571e+02  4.624189e-292  1.057004e+03  5.861610e+00  2.046334e-291  3.630493e+00  0.964868355744 -0.000000000000 -0.262733812220  0.000000000000  1.000000000000  0.000000000000  0.262733812220 -0.000000000000  0.964868355744 
14.127  1.141890e+02  8.083546e-292  1.057380e+03  5.849710e+00  3.473011e-291  2.401100e+00  0.962465175711 -0.000000000000 -0.271405205448  0.000000000000  1.000000000000  0.000000000000  0.271405205448 -0.000000000000  0.962465175711 
14.252  1.149196e+02  1.397114e-291  1.057602e+03  5.840098e+00  5.937718e-291  1.174769e+00  0.959950725251 -0.000000000000 -0.280168886728  0.000000000000  1.000000000000  0.000000000000  0.280168886728 -0.000000000000  0.959950725251 
14.377  1.156491e+02  2.420580e-291  1.057671e+03  5.831922e+00  1.048153e-290 -4.906244e-02  0.957325879459 -0.000000000000 -0.289010658138  0.000000000000  1.000000000000  0.000000000000  0.289010658138 -0.000000000000  0.957325879459 
14.502  1.163776e+02  4.290843e-291  1.057587e+03  5.824406e+00  1.967369e-290 -1.270359e+00  0.954589145913 -0.000000000000 -0.297925431117  0.000000000000  1.000000000000  0.000000000000  0.297925431117 -0.000000000000  0.954589145913 
14.627  1.171052e+02  7.968422e-291  1.057351e+03  5.817019e+00  3.989429e-290 -2.488464e+00  0.951736178753 -0.000000000000 -0.306917327717  0.000000000000  1.000000000000  0.000000000000  0.306917327717 -0.000000000000  0.951736178753 
14.752  1.178319e+02  1.575441e-290  1.056963e+03  5.809548e+00  8.657545e-290 -3.702281e+00  0.948759786036 -0.000000000000 -0.315998209491  0.000000000000  1.000000000000  0.000000000000  0.315998209491 -0.000000000000  0.948759786036 
14.877  1.185576e+02  3.314765e-290  1.056424e+03  5.802035e+00  1.962529e-289 -4.911047e+00  0.945650182284 -0.000000000000 -0.325185689639  0.000000000000  1.000000000000  0.000000000000  0.325185689639 -0.000000000000  0.945650182284 
15.002  1.192824e+02  7.315518e-290  1.055733e+03  5.794690e+00  4.543213e-289 -6.113072e+00  0.942395175405 -0.000000000000 -0.334501619389  0.000000000000  1.000000000000  0.000000000000  0.334501619389 -0.000000000000  0.942395175405 
15.127  1.200063e+02  1.661409e-289  1.054893e+03  5.787868e+00  1.056242e-288 -7.306138e+00  0.938980279073 -0.000000000000 -0.343970980625  0.000000000000  1.000000000000  0.000000000000  0.343970980625 -0.000000000000  0.938980279073 
15.252  1.207295e+02  3.819246e-289  1.053905e+03  5.781984e+00  2.447243e-288 -8.490411e+00  0.935388908043 -0.000000000000 -0.353620687617  0.000000000000  1.000000000000  0.000000000000  0.353620687617 -0.000000000000  0.935388908043 
15.377  1.214519e+02  8.806363e-289  1.052769e+03  5.777424e+00  5.645636e-288 -9.664909e+00  0.931601914256 -0.000000000000 -0.363480224159  0.000000000000  1.000000000000  0.000000000000  0.363480224159 -0.000000000000  0.931601914256 
15.502  1.221739e+02  2.028198e-288  1.051487e+03  5.774583e+00  1.296793e-287 -1.082627e+01  0.927597147965 -0.000000000000 -0.373582027255  0.000000000000  1.000000000000  0.000000000000  0.373582027255 -0.000000000000  0.927597147965 
15.627  1.228956e+02  4.658068e-288  1.050061e+03  5.773849e+00  2.967221e-287 -1.197414e+01  0.923349002689 -0.000000000000 -0.383961741889  0.000000000000  1.000000000000  0.000000000000  0.383961741889 -0.000000000000  0.923349002689 
15.752  1.236175e+02  1.066382e-287  1.048492e+03  5.775599e+00  6.767139e-287 -1.310879e+01  0.918827861063 -0.000000000000 -0.394658538151  0.000000000000  1.000000000000  0.000000000000  0.394658538151 -0.000000000000  0.918827861063 
15.877  1.243397e+02  2.433877e-287  1.046782e+03  5.780193e+00  1.539143e-286 -1.422769e+01  0.913999435171 -0.000000000000 -0.405715457565  0.000000000000  1.000000000000  0.000000000000  0.405715457565 -0.000000000000  0.913999435171 
16.002  1.250626e+02  5.540088e-287  1.044933e+03  5.787969e+00  3.492834e-286 -1.532833e+01  0.908823989601 -0.000000000000 -0.417179764522  0.000000000000  1.000000000000  0.000000000000  0.417179764522 -0.000000000000  0.908823989601 
16.127  1.257868e+02  1.258157e-286  1.042948e+03  5.799241e+00  7.911619e-286 -1.641267e+01  0.903255430707 -0.000000000000 -0.429103282321  0.000000000000  1.000000000000  0.000000000000  0.429103282321 -0.000000000000  0.903255430707 
16.252  1.265126e+02  2.851694e-286  1.040829e+03  5.814294e+00  1.789220e-285 -1.747960e+01  0.897240240915 -0.000000000000 -0.441542693386  0.000000000000  1.000000000000  0.000000000000  0.441542693386 -0.000000000000  0.897240240915 
16.377  1.272405e+02  6.452730e-286  1.038577e+03  5.833387e+00  4.040744e-285 -1.852614e+01  0.890716232015 -0.000000000000 -0.454559780475  0.000000000000  1.000000000000  0.000000000000  0.454559780475 -0.000000000000  0.890716232015 
16.502  1.279710e+02  1.457973e-285  1.036196e+03  5.856749e+00  9.114213e-285 -1.955152e+01  0.883611086198 -0.000000000000 -0.468221580396  0.000000000000  1.000000000000  0.000000000000  0.468221580396 -0.000000000000  0.883611086198 
16.627  1.287048e+02  3.289949e-285  1.033688e+03  5.884574e+00  2.053426e-284 -2.055780e+01  0.875840648061 -0.000000000000 -0.482600413598  0.000000000000  1.000000000000  0.000000000000  0.482600413598 -0.000000000000  0.875840648061 
16.752  1.294423e+02  7.415000e-285  1.031056e+03  5.917031e+00  4.621350e-284 -2.153992e+01  0.867306925041 -0.000000000000 -0.497773741549  0.000000000000  1.000000000000  0.000000000000  0.497773741549 -0.000000000000  0.867306925041 
16.877  1.301842e+02  1.669355e-284  1.028302e+03  5.954251e+00  1.038980e-283 -2.250180e+01  0.857895748134 -0.000000000000 -0.513823788213  0.000000000000  1.000000000000  0.000000000000  0.513823788213 -0.000000000000  0.857895748134 
17.002  1.309310e+02  3.754266e-284  1.025429e+03  5.996338e+00  2.333492e-283 -2.344058e+01  0.847474039792 -0.000000000000 -0.530836841109  0.000000000000  1.000000000000  0.000000000000  0.530836841109 -0.000000000000  0.847474039792 
17.127  1.316834e+02  8.434423e-284  1.022441e+03  6.043361e+00  5.235694e-283 -2.435574e+01  0.835886632611 -0.000000000000 -0.548902120075  0.000000000000  1.000000000000  0.000000000000  0.548902120075 -0.000000000000  0.835886632611 
17.252  1.324420e+02  1.892995e-283  1.019340e+03  6.095360e+00  1.173586e-282 -2.524681e+01  0.822952582316 -0.000000000000 -0.568110066149  0.000000000000  1.000000000000  0.000000000000  0.568110066149 -0.000000000000  0.822952582316 
17.377  1.332073e+02  4.244364e-283  1.016129e+03  6.152344e+00  2.628020e-282 -2.611340e+01  0.808460924123 -0.000000000000 -0.588549856993  0.000000000000  1.000000000000  0.000000000000  0.588549856993 -0.000000000000  0.808460924123 
17.502  1.339801e+02  9.507039e-283  1.012811e+03  6.214293e+00  5.879101e-282 -2.695718e+01  0.792165836397 -0.000000000000 -0.610305896781  0.000000000000  1.000000000000  0.000000000000  0.610305896781 -0.000000000000  0.792165836397 
17.627  1.347610e+02  2.127369e-282  1.009389e+03  6.281157e+00  1.313865e-281 -2.777494e+01  0.773781205316 -0.000000000000 -0.633452955080  0.000000000000  1.000000000000  0.000000000000  0.633452955080 -0.000000000000  0.773781205316 
17.752  1.355505e+02  4.755476e-282  1.005866e+03  6.352860e+00  2.933111e-281 -2.856724e+01  0.752974636948 -0.000000000000 -0.658049539255  0.000000000000  1.000000000000  0.000000000000  0.658049539255 -0.000000000000  0.752974636948 
17.877  1.363493e+02  1.061888e-281  1.002246e+03  6.429299e+00  6.540542e-281 -2.933545e+01  0.729361050568 -0.000000000000 -0.684128977544  0.000000000000  1.000000000000  0.000000000000  0.684128977544 -0.000000000000  0.729361050568 
18.002  1.371579e+02  2.368457e-281  9.985321e+02  6.510349e+00  1.456669e-280 -3.007904e+01  0.702496125369 -0.000000000000 -0.711687567576  0.000000000000  1.000000000000  0.000000000000  0.711687567576 -0.000000000000  0.702496125369 
18.127  1.379769e+02  5.276046e-281  9.947265e+02  6.595858e+00  3.239704e-280 -3.079664e+01  0.671870084102 -0.000000000000 -0.740669015208  0.000000000000  1.000000000000  0.000000000000  0.740669015208 -0.000000000000  0.671870084102 
18.252  1.388068e+02  1.173662e-280  9.908329e+02  6.685658e+00  7.193821e-280 -3.148781e+01  0.636902610224 -0.000000000000 -0.770944268472  0.000000000000  1.000000000000 -0.000000000000  0.770944268472 -0.000000000000  0.636902610224 
18.377  1.396483e+02  2.606639e-280  9.868544e+02  6.779561e+00  1.594431e-279 -3.215400e+01  0.596940144268 -0.000000000000 -0.802285774622  0.000000000000  1.000000000000 -0.000000000000  0.802285774622 -0.000000000000  0.596940144268 
18.502  1.405017e+02  5.778359e-280  9.827941e+02  6.877365e+00  3.526056e-279 -3.279623e+01  0.551257427349 -0.000000000000 -0.834335213684  0.000000000000  1.000000000000 -0.000000000000  0.834335213684 -0.000000000000  0.551257427349 
18.627  1.413676e+02  1.278086e-279  9.786553e+02  6.978860e+00  7.776973e-279 -3.341298e+01  0.499065984743 -0.000000000000 -0.866563986600  0.000000000000  1.000000000000 -0.000000000000  0.866563986600 -0.000000000000  0.499065984743 
18.752  1.422464e+02  2.819356e-279  9.744410e+02  7.083831e+00  1.709683e-278 -3.400396e+01  0.439533273170 -0.000000000000 -0.898226308775  0.000000000000  1.000000000000 -0.000000000000  0.898226308775 -0.000000000000  0.439533273170 
18.877  1.431385e+02  6.199017e-279  9.701543e+02  7.192064e+00  3.743554e-278 -3.457006e+01  0.371817390937 -0.000000000000 -0.928305891286  0.000000000000  1.000000000000 -0.000000000000  0.928305891286 -0.000000000000  0.371817390937 
19.002  1.440443e+02  1.357577e-278  9.657982e+02  7.303362e+00  8.156778e-278 -3.511468e+01  0.295123386401 -0.000000000000 -0.955459149728  0.000000000000  1.000000000000 -0.000000000000  0.955459149728 -0.000000000000  0.295123386401 
19.127  1.449642e+02  2.958598e-278  9.613757e+02  7.417547e+00  1.766573e-277 -3.563488e+01  0.208787906203 -0.000000000000 -0.977960945142  0.000000000000  1.000000000000 -0.000000000000  0.977960945142 -0.000000000000  0.208787906203 
19.252  1.458986e+02  6.409343e-278  9.568895e+02  7.534478e+00  3.797804e-277 -3.613222e+01  0.112398509382 -0.000000000000 -0.993663210091  0.000000000000  1.000000000000 -0.000000000000  0.993663210091 -0.000000000000  0.112398509382 
19.377  1.468477e+02  1.378408e-277  9.523422e+02  7.654060e+00  8.091297e-277 -3.661172e+01  0.005951394888 -0.000000000000 -0.999982290293  0.000000000000  1.000000000000 -0.000000000000  0.999982290293 -0.000000000000  0.005951394888 
19.502  1.478119e+02  2.938363e-277  9.477364e+02  7.776255e+00  1.705155e-276 -3.707218e+01 -0.109954747499 -0.000000000000 -0.993936594307  0.000000000000  1.000000000000 -0.000000000000  0.993936594307 -0.000000000000 -0.109954747499 
19.627  1.487916e+02  6.197469e-277  9.430743e+02  7.901088e+00  3.546648e-276 -3.751316e+01 -0.233901689485 -0.000000000000 -0.972260253048 -0.000000000000  1.000000000000 -0.000000000000  0.972260253048 -0.000000000000 -0.233901689485 
19.752  1.497871e+02  1.290657e-276  9.383576e+02  8.028640e+00  7.262745e-276 -3.794296e+01 -0.363439704752 -0.000000000000 -0.931617722572 -0.000000000000  1.000000000000 -0.000000000000  0.931617722572 -0.000000000000 -0.363439704752 
19.877  1.507987e+02  2.647810e-276  9.335882e+02  8.159025e+00  1.460143e-275 -3.836028e+01 -0.494926931176 -0.000000000000 -0.868934596386 -0.000000000000  1.000000000000 -0.000000000000  0.868934596386 -0.000000000000 -0.494926931176 
20.002  1.518267e+02  5.337218e-276  9.287674e+02  8.292358e+00  2.872977e-275 -3.876660e+01 -0.623481420195 -0.000000000000 -0.781838166548 -0.000000000000  1.000000000000 -0.000000000000  0.781838166548  0.000000000000 -0.623481420195 
20.127  1.528716e+02  1.053961e-275  9.238964e+02  8.428481e+00  5.512333e-275 -3.916211e+01 -0.743110993854 -0.000000000000 -0.669168178273 -0.000000000000  1.000000000000 -0.000000000000  0.669168178273  0.000000000000 -0.743110993854 
20.252  1.539337e+02  2.032163e-275  9.189762e+02  8.567122e+00  1.027174e-274 -3.955082e+01 -0.847070558874 -0.000000000000 -0.531480449582 -0.000000000000  1.000000000000 -0.000000000000  0.531480449582  0.000000000000 -0.847070558874 
20.377  1.550132e+02  3.812025e-275  9.140080e+02  8.708012e+00  1.854267e-274 -3.993036e+01 -0.928460313525 -0.000000000000 -0.371431617138 -0.000000000000  1.000000000000  0.000000000000  0.371431617138  0.000000000000 -0.928460313525 
20.502  1.561080e+02  6.863236e-275  9.089927e+02  8.773937e+00  3.004091e-274 -4.030837e+01 -0.980966659819 -0.000000000000 -0.194176240369 -0.000000000000  1.000000000000  0.000000000000  0.194176240369  0.000000000000 -0.980966659819 
20.627  1.571968e+02  1.083167e-274  9.039290e+02  8.604120e+00  3.248192e-274 -4.070480e+01 -0.999960722265 -0.000000000000 -0.008863065337 -0.000000000000  1.000000000000  0.000000000000  0.008863065337  0.000000000000 -0.999960722265 
20.752  1.582507e+02  1.286241e-274  8.988149e+02  8.237691e+00 -4.187884e-276 -4.111128e+01 -0.984848080141 -0.000000000000  0.173419315656 -0.000000000000  1.000000000000  0.000000000000 -0.173419315656  0.000000000000 -0.984848080141 
