0.00195312  0.000000e+00  0.000000e+00  0.000000e+00  0.000000e+00  0.000000e+00  0.000000e+00  0.998750260395  0.000000000000 -0.049979169271  0.000000000000  1.000000000000  0.000000000000  0.049979169271 -0.000000000000  0.998750260395 
0.126953  8.214189e-02 -2.515751e-07  1.646440e+00  1.523205e+00 -2.101101e-03  2.822651e+01  0.998796683257 -0.000358113702 -0.049041383228  0.000354769244  0.999999934113 -0.000076901058  0.049041407536  0.000059410147  0.998796744497 
0.251953  3.603883e-01 -3.183992e-04  7.563381e+00  2.811015e+00  5.538059e-04  5.935219e+01  0.999190816711  0.001967643668 -0.040172629728 -0.001972425327  0.999998051616 -0.000079393345  0.040172395239  0.000158566613  0.999192750933 
0.376953  7.565651e-01 -2.434858e-04  1.679626e+01  3.189654e+00  3.634928e-03  8.195189e+01  0.999700635878  0.005457430911 -0.023850682880 -0.005457264297  0.999985106425  0.000072075192  0.023850721003  0.000058105865  0.999715529404 
0.501953  1.126749e+00  6.323129e-04  2.821017e+01  3.167651e+00  1.248743e-02  1.061905e+02  0.999556222858  0.008723550604 -0.028482573810 -0.008726924142  0.999961919655  0.000005865899  0.028481540355  0.000242701965  0.999594289177 
0.626953  1.538848e+00  2.718109e-03  4.267299e+01  3.132340e+00  1.518734e-02  1.187343e+02  0.999721022934  0.011954462021 -0.020370742290 -0.011952309400  0.999928542736  0.000227424601  0.020372005391  0.000016116260  0.999792469034 
0.751953  1.936362e+00  4.861110e-03  5.929667e+01  3.060647e+00  1.664763e-02  1.331793e+02  0.999671671966  0.015043422470 -0.020742316875 -0.015038539601  0.999886838172  0.000391378732  0.020745857312 -0.000079316077  0.999784778396 
0.876953  2.283323e+00  6.801874e-03  7.542603e+01  2.875968e+00  1.804769e-02  1.417417e+02  0.999628883527  0.018202267262 -0.020267527824 -0.018201783057  0.999834312110  0.000208377199  0.020267962678  0.000160605278  0.999794570847 
1.00195  2.643514e+00  8.592937e-03  9.444061e+01  2.667734e+00  1.403176e-02  1.460631e+02  0.999618632986  0.021459485262 -0.017380422304 -0.021459203723  0.999769704222  0.000202719029  0.017380769912  0.000170328305  0.999848928501 
1.12695  2.977412e+00  1.053602e-02  1.142132e+02  2.455286e+00  1.411496e-02  1.582844e+02  0.999582129856  0.024464903483 -0.015395914092 -0.024467160381  0.999700633349  0.000041778734  0.015392327181  0.000334933024  0.999881475018 
1.25195  3.256292e+00  1.233269e-02  1.323167e+02  2.261151e+00  1.296408e-02  1.466878e+02  0.999536155020  0.027292836866 -0.013512063624 -0.027294598718  0.999627431577  0.000054037786  0.013508504300  0.000314793634  0.999908706441 
1.37695  3.536360e+00  1.394580e-02  1.524224e+02  2.048191e+00  8.118450e-03  1.614198e+02  0.999453710340  0.030655822783 -0.012349146415 -0.030657090364  0.999529957178  0.000086687851  0.012345999275  0.000291948403  0.999923742626 
1.50195  3.788099e+00  1.461037e-02  1.716932e+02  1.832177e+00 -1.090106e-03  1.450153e+02  0.999372584987  0.033586557514 -0.011241865050 -0.033587268617  0.999435780635  0.000125590127  0.011239740312  0.000252072212  0.999936800352 
1.62695  3.993176e+00  1.425236e-02  1.899247e+02  1.648828e+00 -9.835912e-03  1.364473e+02  0.999283679738  0.036412969135 -0.010306458554 -0.036413287954  0.999336804026  0.000156777608  0.010305332090  0.000218626738  0.999946874755 
1.75195  4.194485e+00  1.322416e-02  2.098198e+02  1.459828e+00 -1.101823e-02  1.697376e+02  0.999180686836  0.039368404449 -0.009385296244 -0.039368941754  0.999224734558  0.000127563767  0.009383042130  0.000242029929  0.999955949001 
1.87695  4.372278e+00  1.162490e-02  2.273308e+02  1.285690e+00 -1.890309e-02  1.120315e+02  0.999071054661  0.042263946012 -0.008413477672 -0.042265703202  0.999106405428 -0.000031080353  0.008404645855  0.000386653032  0.999964605587 
2.00195  4.514800e+00  9.169313e-03  2.445633e+02  1.138304e+00 -3.060911e-02  1.503745e+02  0.998957066445  0.045065424060 -0.007340773450 -0.045064664819  0.998984035751  0.000268886194  0.007345432957  0.000062203731  0.999973020009 
2.12695  4.652705e+00  5.067276e-03  2.621428e+02  9.931352e-01 -3.537213e-02  1.305338e+02  0.998817084030  0.048173686781 -0.006612756743 -0.048173265699  0.998838969367  0.000223035703  0.006615823582  0.000095786217  0.999978110612 
2.25195  4.771452e+00  3.582928e-04  2.786543e+02  8.341899e-01 -4.405963e-02  1.320743e+02  0.998663767018  0.051341273648 -0.005895257950 -0.051340307360  0.998681167076  0.000315225907  0.005903667189 -0.000012140337  0.999982573131 
2.37695  4.861290e+00 -4.366357e-03  2.919086e+02  6.922211e-01 -3.601717e-02  1.248891e+02  0.998536903889  0.053801925174 -0.005422584260 -0.053799505252  0.998551582869  0.000591256609  0.005446540840 -0.000298659194  0.999985122887 
2.50195  4.941915e+00 -8.947923e-03  3.056579e+02  5.471374e-01 -3.354376e-02  1.140535e+02  0.998381324081  0.056683274102 -0.004662420314 -0.056682480052  0.998392210017  0.000302378284  0.004672063912 -0.000037611285  0.999989085143 
2.62695  5.005497e+00 -1.309592e-02  3.180949e+02  4.325562e-01 -2.926646e-02  1.120156e+02  0.998213192318  0.059624931864 -0.003910266386 -0.059624264074  0.998220849627  0.000287234394  0.003920435765 -0.000053574406  0.999992313627 
2.75195  5.051549e+00 -1.620746e-02  3.265271e+02  3.477824e-01 -2.120064e-02  9.521852e+01  0.998067638867  0.062019159682 -0.003822574953 -0.062018028928  0.998074943527  0.000413751958  0.003840876829 -0.000175883875  0.999992608338 
2.87695  5.091932e+00 -1.928996e-02  3.363561e+02  2.765648e-01 -2.607168e-02  1.017920e+02  0.997880143444  0.065018836905 -0.002787502000 -0.065018530946  0.997884036599  0.000200336524  0.002794629396 -0.000018672555  0.999996094841 
3.00195  5.124517e+00 -2.244227e-02  3.451795e+02  2.212748e-01 -2.474053e-02 -9.944229e-01  0.997691708265  0.067847936984 -0.002812953255 -0.067846493424  0.997695588144  0.000605580555  0.002847558444 -0.000413333684  0.999995860275 
3.12695  5.147989e+00 -2.511386e-02  3.490771e+02  1.761757e-01 -2.042418e-02 -6.155659e+00  0.997513068773  0.070455572810 -0.001920907928 -0.070454770308  0.997514858364  0.000482372404  0.001950120023 -0.000345835651  0.999998038713 
3.25195  5.168621e+00 -2.685250e-02  3.561927e+02  1.386705e-01 -1.186798e-02  4.437244e+01  0.997333237046  0.072949774306 -0.002178235795 -0.072949834424  0.997335609993  0.000051944647  0.002176221476  0.000107095817  0.999997626292 
3.37695  5.183966e+00 -2.839080e-02  3.621971e+02  9.772026e-02 -6.493556e-03  2.012189e+00  0.997130280160  0.075688569747 -0.001563585042 -0.075687171663  0.997131173966  0.000934853506  0.001629857114 -0.000813827409  0.999998340624 
3.50195  5.194317e+00 -2.878523e-02  3.664526e+02  7.860919e-02  3.360926e-03 -1.463219e+00  0.996959559682  0.077917088924 -0.000750740778 -0.077916576557  0.996959644185  0.000689176630  0.000802156895 -0.000628586078  0.999999480712 
3.62695  5.203432e+00 -2.803766e-02  3.717822e+02  6.293191e-02  5.683965e-03 -4.886152e+00  0.996729701377  0.080800935310 -0.001054156576 -0.080801472355  0.996730101076 -0.000477151589  0.001012155296  0.000560768564  0.999999330540 
3.75195  5.210163e+00 -2.731571e-02  3.773779e+02  3.769448e-02  1.065357e-02 -7.977208e+00  0.996541540564  0.083081773816 -0.001541683867 -0.083081541582  0.996542729427  0.000214183670  0.001554148608 -0.000085357452  0.999998788667 
3.87695  5.213860e+00 -2.616505e-02  3.828647e+02  2.626300e-02  1.451357e-02  4.572203e+01  0.996325438499  0.085646541757 -0.000538966667 -0.085645963683  0.996325114743  0.001017170734  0.000624103182 -0.000967272758  0.999999337439 
4.00195  5.216928e+00 -2.352506e-02  3.868553e+02  2.567980e-02  2.239614e-02  6.622786e+00  0.996099141082  0.088231486761  0.001306092931 -0.088231777241  0.996099957738  0.000166368303 -0.001286320191 -0.000280958224  0.999999133221 
4.12695  5.220816e+00 -2.091289e-02  3.886603e+02  3.503021e-02  1.800808e-02  4.228395e+00  0.995854357630  0.090961526788  0.000314695228 -0.090960903903  0.995853145395 -0.001620730555 -0.000460814358  0.001585386624  0.999998637099 
4.25195  5.224729e+00 -1.991970e-02  3.939744e+02  2.536483e-02 -9.531429e-05  2.198823e+00  0.995609114885  0.093582004629 -0.002213315933 -0.093585018646  0.995610443549 -0.001299608320  0.002081980505  0.001501035102  0.999996706120 
4.37695  5.226779e+00 -1.961617e-02  3.972549e+02  1.871220e-03  9.134015e-03  1.153762e-01  0.993684194801  0.112171132044 -0.003059107543 -0.112167079933  0.993688279575  0.001466019846  0.003204244417 -0.001113629590  0.999994246307 
4.50195  5.225911e+00 -1.737173e-02  3.985552e+02 -1.235149e-02  2.560824e-02 -1.844333e+00  0.995704256693  0.092590647493  0.000072106776 -0.092590204377  0.995696403115  0.003965712824  0.000295391461 -0.003955353521  0.999992133930 
4.62695  5.224563e+00 -1.341271e-02  4.016765e+02 -5.362197e-03  4.058602e-02 -3.524513e+00  0.994488219971  0.104747972051  0.004587231252 -0.104763341092  0.994491875206  0.003248463095 -0.004221694288 -0.003711131954  0.999984202274 
4.75195  5.224650e+00 -7.540342e-03  4.051654e+02  4.407635e-03  5.040892e-02 -5.282570e+00  0.998041314670  0.062190513011  0.006773057108 -0.062189207333  0.998064296399 -0.000403417014 -0.006785035188 -0.000018584206  0.999976981211 
4.87695  5.226078e+00 -1.728719e-03  4.071347e+02  2.222561e-02  4.241894e-02 -6.953998e+00  0.999655410083  0.025789229431  0.004896604597 -0.025766446238  0.999657127166 -0.004660295549 -0.005015111115  0.004532521559  0.999977152193 
5.00195  5.229158e+00  3.259637e-03  4.088568e+02  2.741316e-02  4.504006e-02 -8.413205e+00  0.999652791908  0.026346592618  0.000390752806 -0.026342939825  0.999625031103 -0.007473065828 -0.000587496106  0.007460177542  0.999971999908 
5.12695  5.232905e+00  8.479384e-03  4.114773e+02  3.183146e-02  3.854221e-02 -9.956660e+00  0.999918311828 -0.012043183514 -0.004281518693  0.012009850896  0.999898019280 -0.007727517128  0.004374145968  0.007675465480  0.999960976277 
5.25195  5.236362e+00  1.280998e-02  4.127816e+02  2.144965e-02  3.045982e-02 -1.750863e+00  0.998333890626 -0.057410966363 -0.005781329256  0.057381948820  0.998339445185 -0.005065978335  0.006062571753  0.004725793921  0.999970455611 
5.37695  5.239008e+00  1.668266e-02  4.135769e+02  1.994362e-02  3.615482e-02 -3.061673e+00  0.997426964609 -0.071572423750 -0.004103465428  0.071569931001  0.997435301407 -0.000751321082  0.004146715147  0.000455703169  0.999991298506 
5.50195  5.241103e+00  2.166333e-02  4.145218e+02  1.394923e-02  4.366564e-02 -4.456769e+00  0.997107198165 -0.075983046368  0.001952442431  0.075974719086  0.997101583217  0.004034204490 -0.002253314586 -0.003874198071  0.999989956531 
5.62695  5.243547e+00  2.720347e-02  4.166956e+02  2.429987e-02  4.085295e-02 -5.822298e+00  0.996604541944 -0.081631652814  0.010754544838  0.081544255318  0.996634914908  0.008329514477 -0.011398306914 -0.007424260610  0.999907475197 
5.75195  5.246434e+00  3.182699e-02  4.158313e+02  2.972272e-02  3.884802e-02 -7.030958e+00  0.994870537227 -0.098968862435  0.020923155266  0.098741245328  0.995044969136  0.011647998484 -0.021972269546 -0.009522272103  0.999713231734 
5.87695  5.250854e+00  3.638379e-02  4.172065e+02  3.625456e-02  3.592980e-02 -8.343374e+00  0.991359933523 -0.126884887547  0.033252180643  0.126466006459  0.991866129059  0.014419820964 -0.034811369058 -0.010089962260  0.999342964775 
6.00195  5.255881e+00  4.091075e-02  4.165439e+02  4.100362e-02  3.640311e-02 -9.643311e+00  0.985845024945 -0.160958058903  0.046926432473  0.160301248650  0.986913635912  0.017463817812 -0.049123278308 -0.009694252187  0.998745675837 
6.12695  5.260639e+00  4.546529e-02  4.170431e+02  4.283291e-02  4.236749e-02 -5.853259e+00  0.978959296272 -0.195020730457  0.060046739588  0.194147156530  0.980766250483  0.020110781289 -0.062813834896 -0.008029732548  0.997992958663 
6.25195  5.266566e+00  5.030388e-02  4.190284e+02  4.715067e-02  3.598287e-02 -7.116236e+00  0.969398783554 -0.233507713920  0.075763751125  0.232406122021  0.972342845215  0.023168638428 -0.079078397127 -0.004851690320  0.996856593603 
6.37695  5.272652e+00  5.475438e-02  4.183613e+02  4.870185e-02  3.248781e-02 -8.378705e+00  0.957825598279 -0.272196462156  0.092082621981  0.270957494458  0.962241692804  0.025941488530 -0.095666919454  0.000103054763  0.995413396485 
6.50195  5.278376e+00  5.864076e-02  4.149757e+02  5.190729e-02  3.560755e-02 -9.528175e+00  0.945725041228 -0.306732230687  0.107328864020  0.305477894345  0.951777084077  0.028348514820 -0.110848556422  0.005976695037  0.993819338037 
6.62695  5.285350e+00  6.369989e-02  4.177502e+02  5.351141e-02  4.457562e-02 -8.174024e+00  0.930696347925 -0.344120699073  0.124037302568  0.343000034827  0.938825026145  0.030960400407 -0.127103438458  0.013730067511  0.991794434940 
6.75195  5.292229e+00  6.943724e-02  4.168934e+02  5.261331e-02  4.143755e-02 -9.425877e+00  0.913736984348 -0.381213387900  0.140574095484  0.380407588773  0.924207229831  0.033631276095 -0.142740288073  0.022745311908  0.989498792797 
6.87695  5.298355e+00  7.426925e-02  4.162553e+02  4.951727e-02  3.892736e-02 -8.032744e+01  0.896298784776 -0.415545192639  0.154824679180  0.415131904710  0.909026585407  0.036553641601 -0.155929439492  0.031509679418  0.987265491143 
7.00195  5.304246e+00  7.957624e-02  4.170620e+02  3.710423e-02  4.166836e-02 -7.084134e+00  0.873981622846 -0.455721535627  0.168742421733  0.455728515206  0.889174313211  0.040994647869 -0.168723570833  0.041072164436  0.984807308032 
7.12695  5.308614e+00  8.485454e-02  4.174743e+02  2.334387e-02  4.066767e-02 -8.285103e+00  0.847002627793 -0.500332318401  0.179594319717  0.500525713733  0.864412610401  0.047590428365 -0.179054624078  0.049582357176  0.982588943279 
7.25195  5.310484e+00  8.967151e-02  4.159719e+02  1.209292e-03  4.184042e-02 -9.358833e+00  0.816833027135 -0.546266448284  0.185409744246  0.545996050385  0.835834530418  0.057174738511 -0.186204507855  0.054530773327  0.980996572886 
7.37695  5.308976e+00  9.476160e-02  4.140327e+02 -3.063036e-02  4.188561e-02 -6.006156e+00  0.774760968175 -0.604510697144  0.185235685633  0.602644250068  0.794681001312  0.072814929889 -0.191220684167  0.055217055276  0.979992717704 
7.50195  5.302830e+00  1.009299e-01  4.118928e+02 -7.189002e-02  5.130101e-02 -7.122237e+00  0.719330509813 -0.672149935338  0.175436832157  0.666954389903  0.738867908852  0.096156409343 -0.194256169634  0.047840126403  0.979783579606 
7.62695  5.291925e+00  1.070865e-01  4.124406e+02 -1.199546e-01  5.858901e-02 -8.106459e+00  0.653503875045 -0.740985252519  0.154510649636  0.730946316133  0.670807083326  0.125440583110 -0.196596460377  0.030963083005  0.979995468999 
7.75195  5.272954e+00  1.150066e-01  4.113839e+02 -1.791541e-01  6.333539e-02 -9.154046e+00  0.559341774748 -0.821342766080  0.111950165837  0.804065842266  0.570422708542  0.167618778425 -0.201531387937 -0.003740880620  0.979474913149 
7.87695  5.245806e+00  1.232434e-01  4.069245e+02 -2.484970e-01  6.308584e-02 -2.866108e+01  0.457560180146 -0.887903606315  0.047601128525  0.863824846909  0.456568659076  0.212959370334 -0.210820576339 -0.056322690293  0.975900834691 
8.00195  5.212768e+00  1.298059e-01  4.079592e+02 -3.243257e-01  4.088841e-02 -7.807524e+00  0.393623844626 -0.919096472830 -0.017942758245  0.892782999147  0.377557086019  0.245742066465 -0.219086250996 -0.112748926507  0.969169177283 
8.12695  5.166366e+00  1.323124e-01  4.075913e+02 -4.017906e-01 -8.206998e-03 -8.705788e+00  0.362235515224 -0.928229283245 -0.084710266419  0.904407519412  0.328040721668  0.272830210494 -0.225460573805 -0.175441393788  0.958325543333 
8.25195  5.109545e+00  1.269061e-01  4.048466e+02 -4.864090e-01 -8.645971e-02 -9.544125e+00  0.373883969998 -0.918174719061 -0.131018938537  0.898980669162  0.324016047254  0.294698757370 -0.228132710175 -0.227966634398  0.946565729440 
8.37695  5.048874e+00  1.122207e-01  4.020020e+02 -5.545143e-01 -1.785180e-01  1.288754e+01  0.420043804318 -0.896071976085 -0.143590445811  0.878082630165  0.361344070073  0.313689906797 -0.229203178548 -0.257847778152  0.938605575439 
8.50195  4.973271e+00  8.275888e-02  4.012424e+02 -6.253907e-01 -2.858424e-01 -4.161204e+00  0.506602152548 -0.854375153583 -0.115746948013  0.829807019714  0.446724523213  0.334451058293 -0.234039674130 -0.265481256025  0.935278104968 
8.62695  4.887703e+00  3.933606e-02  3.953226e+02 -7.133728e-01 -3.984360e-01 -4.837542e+00  0.623879861894 -0.780310034648 -0.043476059516  0.741269640533  0.573208994662  0.349214502080 -0.247574711851 -0.250095378338  0.936033687314 
8.75195  4.799644e+00 -1.300353e-02  3.966444e+02 -8.001879e-01 -5.054715e-01 -5.358644e+00  0.727661367601 -0.685230431724  0.031115744245  0.634351485743  0.689504443212  0.349545154918 -0.260973421323 -0.234612186874  0.936402688555 
8.87695  4.690845e+00 -8.484274e-02  3.915867e+02 -8.965394e-01 -6.201439e-01 -5.799778e+00  0.829104436388 -0.553106542344  0.081602612565  0.504291830069  0.802847803305  0.318001815803 -0.241403363040 -0.222505185433  0.944571785926 
9.00195  4.570570e+00 -1.718856e-01  3.881761e+02 -9.748123e-01 -7.405293e-01 -6.132049e+00  0.917947040363 -0.391971748018  0.061085021444  0.369633272348  0.901014300132  0.227034083193 -0.144029424294 -0.185826208361  0.971969210019 
9.12695  4.453374e+00 -2.647123e-01  3.897258e+02 -1.022965e+00 -8.598150e-01 -6.393712e+00  0.973487952913 -0.223984319008 -0.046392136964  0.226629524873  0.971943870133  0.062961669032  0.030988126583 -0.071806254256  0.996937108277 
9.25195  4.326360e+00 -3.772046e-01  3.862401e+02 -8.927872e-01 -8.251136e-01 -6.646910e+00  0.975859502496 -0.037186651218 -0.215210093536 -0.000846959742  0.984745816422 -0.173997010601  0.218397605408  0.169978910486  0.960942066902 
9.37695  4.227987e+00 -4.679655e-01  3.828722e+02 -6.149962e-01 -5.491771e-01 -6.732716e+00  0.941636006783  0.153622224114 -0.299536046225 -0.239091298984  0.931582875774 -0.273840640362  0.236974643115  0.329474669470  0.913941716248 
9.50195  4.168017e+00 -5.189864e-01  3.817779e+02 -3.831812e-01 -2.926902e-01 -6.693720e+00  0.904913867299  0.329891725060 -0.268890949099 -0.380007870999  0.910782742098 -0.161458399211  0.191637446104  0.248286621536  0.949541385521 
9.62695  4.133164e+00 -5.441458e-01  3.799374e+02 -1.336127e-01 -1.512454e-01 -6.622490e+00  0.883389361412  0.454374726185 -0.114746870758 -0.435673484746  0.886459991079  0.156132312177  0.172661086622 -0.087933454502  0.981048345774 
9.75195  4.128808e+00 -5.745030e-01  3.765898e+02  6.969731e-02 -3.474912e-01 -6.385476e+00  0.880494104972  0.458917108767  0.118849562013 -0.468641245437  0.804847612471  0.364136929980  0.071452880872 -0.376318227011  0.923731063586 
9.87695  4.143430e+00 -6.249629e-01  3.736243e+02  1.747730e-01 -5.281970e-01 -6.024555e+00  0.844396709298  0.438351140701  0.307965054468 -0.515032985781  0.822449940797  0.241489375422 -0.147428697631 -0.362524995455  0.920239320386 
10.002  4.166883e+00 -7.008375e-01  3.707986e+02  1.676351e-01 -6.257712e-01 -5.594948e+00  0.848794269776  0.449246422644  0.278793721839 -0.402794482674  0.891005274821 -0.209442605429 -0.342498017983  0.065477110375  0.937234152010 
10.127  4.186486e+00 -7.737277e-01  3.694121e+02  1.667164e-01 -4.486644e-01 -5.110926e+00  0.986239567644  0.147045660487 -0.075558513388 -0.164152439403  0.816721791751 -0.553190285090 -0.019633946410  0.557981261882  0.829621250654 
10.252  4.213337e+00 -8.128196e-01  3.687234e+02  3.407939e-01 -1.968456e-01 -4.658047e+00  0.874879509396 -0.332419879669 -0.352253981722  0.143233173576  0.872328745228 -0.467468521117  0.462677103416  0.358524174707  0.810796098983 
10.377  4.276303e+00 -8.285934e-01  3.639931e+02  6.682831e-01 -9.233919e-02 -4.257318e+00  0.752262907137 -0.542321916509 -0.374148977574  0.583214504436  0.812303950047 -0.004809839111  0.306531173554 -0.214590846989  0.927356138723 
10.502  4.374417e+00 -8.467815e-01  3.623910e+02  8.280759e-01 -2.040747e-01 -3.853032e+00  0.781397299609 -0.608509179301 -0.138328734796  0.612882561744  0.706623248140  0.353636184090 -0.117444564259 -0.361109628636  0.925098162592 
10.627  4.473444e+00 -8.757262e-01  3.595635e+02  8.542559e-01 -2.966356e-01 -3.460384e+00  0.830935498254 -0.554992031821 -0.039115755865  0.540302071115  0.788169518121  0.294724418149 -0.132739857205 -0.266031305149  0.954781375494 
10.752  4.585286e+00 -9.189823e-01  3.605216e+02  9.143221e-01 -3.633424e-01 -3.121002e+00  0.907973761397 -0.403168769754 -0.114186652941  0.390431694318  0.912934929247 -0.118797756853  0.152140529404  0.063283157759  0.986330827490 
10.877  4.715282e+00 -9.571502e-01  3.556353e+02  1.112076e+00 -1.871480e-01 -2.765308e+00  0.985124518271 -0.129723385618 -0.112701050240  0.069127183472  0.899592988798 -0.431223708776  0.157324874087  0.417018342198  0.895178522008 
11.002  4.852361e+00 -9.683585e-01  3.535373e+02  1.219036e+00  1.942238e-02 -2.424834e+00  0.984869136715  0.173007732452 -0.010055250250 -0.168573134663  0.942935278307 -0.287151805138 -0.040198032483  0.284501995487  0.957832309305 
11.127  5.010592e+00 -9.572785e-01  3.545358e+02  1.248659e+00  1.015146e-01 -2.103077e+00  0.934639580758  0.353296179310  0.040381478003 -0.353933244286  0.913279666645  0.201622193924  0.034352768009 -0.202736430319  0.978630587684 
11.252  5.178324e+00 -9.492064e-01  3.505857e+02  1.376824e+00  1.785614e-02 -1.739027e+00  0.869039206267  0.493053999322  0.040848644072 -0.463511160164  0.782527971054  0.415701069185  0.172997868118 -0.380194329614  0.908583518096 
11.377  5.347061e+00 -9.518226e-01  3.489879e+02  1.507457e+00 -7.638260e-02 -1.427154e+00  0.793975788707  0.593301216458  0.132650342996 -0.607922775699  0.776852713363  0.164102896157 -0.005687330970 -0.210934891117  0.977483568136 
11.502  5.543188e+00 -9.640961e-01  3.474458e+02  1.517749e+00 -8.045541e-02 -1.108381e+00  0.796637779669  0.595779976382  0.102051299579 -0.512852567695  0.755563838144 -0.407560462138 -0.319922634104  0.272340790613  0.907457989086 
11.627  5.738649e+00 -9.675180e-01  3.466297e+02  1.518380e+00  5.878173e-02 -7.079595e-01  0.969670665999  0.198563550722 -0.142517773718 -0.243745399733  0.742464792387 -0.623966515268 -0.018082577528  0.639780078145  0.768345281758 
11.752  5.919798e+00 -9.497258e-01  3.429306e+02  1.605559e+00  2.563170e-01 -4.398154e-01  0.907094486199 -0.249388569272 -0.339094285744  0.151580242472  0.945076239425 -0.289576124304  0.392686927717  0.211272911637  0.895075825620 
11.877  6.137201e+00 -9.106666e-01  3.418094e+02  1.765449e+00  3.219225e-01 -2.391159e-01  0.860199531452 -0.423207940807 -0.284520306704  0.505552712219  0.780877171746  0.366943180634  0.066882144534 -0.459484364787  0.885664099565 
12.002  6.368844e+00 -8.692783e-01  3.388415e+02  1.820502e+00  3.150738e-01  1.001889e-02  0.860187421600 -0.501299189145 -0.093684164535  0.458322541021  0.679342022195  0.573092370628 -0.223647150918 -0.535904412972  0.814118180637 
12.127  6.583336e+00 -8.336780e-01  3.400221e+02  1.835892e+00  2.870292e-01  1.671154e-01  0.894972041571 -0.440597635953 -0.069991199434  0.440997536936  0.850024070367  0.288062930995 -0.067425642170 -0.288674216011  0.955050249876 
12.252  6.822191e+00 -7.981204e-01  3.380181e+02  1.899798e+00  3.081180e-01  2.090617e-01  0.962669421510 -0.252264056615 -0.098134757504  0.203576332756  0.913698584045 -0.351726561772  0.178393558269  0.318618491702  0.930944678869 
12.377  7.072809e+00 -7.487302e-01  3.351644e+02  1.983925e+00  4.730919e-01  3.071521e-01  0.983050786446  0.157190757574 -0.094351560671 -0.182390183687  0.786396287499 -0.590181921023 -0.018573426240  0.597387600090  0.801737540032 
12.502  7.307467e+00 -6.849634e-01  3.332685e+02  2.017237e+00  6.331227e-01  3.663758e-01  0.879136464886  0.470961678537 -0.072898377610 -0.471618759036  0.837771671278 -0.275162448254 -0.068518772856  0.276285584411  0.958629987854 
12.627  7.570154e+00 -5.971371e-01  3.341051e+02  2.087144e+00  6.967970e-01  3.711690e-01  0.836357915530  0.546862171124 -0.038042120381 -0.494368917819  0.782420385399  0.378705312356  0.236864539821 -0.297926343758  0.924735142335 
12.752  7.846486e+00 -5.082487e-01  3.306694e+02  2.214848e+00  6.812706e-01  4.755582e-01  0.905415693828  0.421020791096  0.054441848191 -0.348520966423  0.663953617227  0.661588036572  0.242395456502 -0.617986316706  0.747888598008 
12.877  8.111233e+00 -4.298310e-01  3.296734e+02  2.302297e+00  6.470578e-01  5.857450e-01  0.950533222968  0.203802915414  0.234416218941 -0.294659415497  0.830420063201  0.472840721060 -0.098297613870 -0.518523760596  0.849394307024 
13.002  8.407949e+00 -3.490425e-01  3.280023e+02  2.274282e+00  6.293139e-01  5.962472e-01  0.952726353947  0.038389303640  0.301394684526  0.024720599635  0.978902248350 -0.202828203485 -0.302822367814  0.200690432112  0.931676963336 
13.127  8.698006e+00 -2.604083e-01  3.259154e+02  2.236412e+00  7.747032e-01  6.338028e-01  0.948036084238 -0.290128558142  0.130587146130  0.298459440192  0.668770318376 -0.680931878986  0.110224976950  0.684522958717  0.720610000934 
13.252  8.960348e+00 -1.610989e-01  3.268879e+02  2.244374e+00  9.343921e-01  7.169273e-01  0.818559006927 -0.574000296691  0.022018437236  0.440346286467  0.602423628111 -0.665718349070  0.368858103034  0.554625487778  0.745878185854 
13.377  9.252025e+00 -3.082121e-02  3.243703e+02  2.291282e+00  1.100718e+00  7.088324e-01  0.780152133250 -0.624643827783  0.034390949364  0.614028126159  0.754055868661 -0.233172054982  0.119716787759  0.203026686303  0.971827173615 
13.502  9.546892e+00  1.158634e-01  3.214910e+02  2.257007e+00  1.149837e+00  6.573538e-01  0.875794156870 -0.474542068152  0.088286014441  0.414590873620  0.833218939072  0.365869658598 -0.247182123753 -0.283823933321  0.926469088838 
13.627  9.808950e+00  2.498257e-01  3.207831e+02  2.216483e+00  1.133375e+00  6.903350e-01  0.991581985942 -0.123871009704  0.037697985492  0.085596424795  0.845567366256  0.526962125001 -0.097151516805 -0.519299337645  0.849052283846 
13.752  1.009447e+01  3.929339e-01  3.199765e+02  2.232252e+00  1.077355e+00  6.900622e-01  0.953532073012  0.275888647275 -0.121086911106 -0.255943748119  0.953761113100  0.157583428499  0.158963466039 -0.119269415372  0.980053785780 
13.877  1.038649e+01  5.343398e-01  3.174093e+02  2.288302e+00  1.161122e+00  6.376424e-01  0.872285457907  0.446905834305 -0.198477341752 -0.486221077055  0.749489455916 -0.449282338511 -0.052030223449  0.488406317255  0.871063789348 
14.002  1.065422e+01  6.770693e-01  3.157356e+02  2.278797e+00  1.288388e+00  6.944423e-01  0.817489662876  0.523033591264 -0.241135881816 -0.538257194977  0.544851077790 -0.642974723521 -0.204914233634  0.655418313324  0.726936717613 
14.127  1.094605e+01  8.519234e-01  3.152968e+02  2.254070e+00  1.442828e+00  7.456419e-01  0.784371940014  0.490123453300 -0.380183719068 -0.617567779083  0.674418711140 -0.404684371212  0.058057712295  0.552212280369  0.831679565369 
14.252  1.123956e+01  1.047652e+00  3.139677e+02  2.329769e+00  1.588339e+00  7.122478e-01  0.856027881938  0.380325496116 -0.350098246711 -0.318363049619  0.921465055497  0.222591824051  0.407260646248 -0.079086462190  0.909881364528 
14.377  1.151822e+01  1.234801e+00  3.117966e+02  2.424220e+00  1.593715e+00  7.321537e-01  0.994229408863 -0.059746574410 -0.089096741798  0.100900173953  0.802868377619  0.587555548962  0.036428525213 -0.593154882864  0.804263792226 
14.502  1.183173e+01  1.435969e+00  3.099563e+02  2.411017e+00  1.522188e+00  7.646087e-01  0.781634192480 -0.592320621833  0.195459126411  0.465925763389  0.762802518333  0.448380977557 -0.414682013302 -0.259400460632  0.872209968338 
14.627  1.213551e+01  1.631199e+00  3.090804e+02  2.289533e+00  1.538789e+00  7.174561e-01  0.647810377611 -0.697646958364  0.305990908599  0.748635745118  0.657355879501 -0.086184504506 -0.141018565415  0.284906948266  0.948125411028 
14.752  1.240122e+01  1.816489e+00  3.082206e+02  2.250623e+00  1.635712e+00  6.928053e-01  0.715317396225 -0.651783267560  0.251991259344  0.684941168820  0.582497477343 -0.437666864344  0.138479666065  0.485669909524  0.863103771901 
14.877  1.269049e+01  2.034375e+00  3.053092e+02  2.238650e+00  1.759488e+00  7.015296e-01  0.832878661834 -0.492489482907  0.252521769136  0.553237945461  0.728045437764 -0.404818003864  0.015521287438  0.476868902086  0.878837379644 
15.002  1.297712e+01  2.269270e+00  3.029317e+02  2.180983e+00  1.883455e+00  6.608004e-01  0.927130186459 -0.292901990937  0.233747815095  0.290553581245  0.955789297603  0.045226485751 -0.236660587726  0.025985424617  0.971244832123 
15.127  1.322834e+01  2.489937e+00  3.021457e+02  2.117766e+00  1.864099e+00  6.331877e-01  0.998628272473  0.036247182827  0.037785118154 -0.048998314839  0.901341568672  0.430328411481 -0.018459105063 -0.431589525269  0.901881224507 
15.252  1.350225e+01  2.726429e+00  2.997695e+02  2.151540e+00  1.798177e+00  6.480978e-01  0.865099278274  0.479953953398 -0.145765021000 -0.394160578946  0.830191111422  0.394233631900  0.310226814984 -0.283596405360  0.907376659459 
15.377  1.378632e+01  2.956177e+00  3.005140e+02  2.266316e+00  1.787629e+00  6.063347e-01  0.711262250377  0.692359062339 -0.121428744479 -0.701364349534  0.710523428350 -0.056960573804  0.046840798358  0.125679698293  0.990964455995 
15.502  1.405238e+01  3.170291e+00  2.973447e+02  2.264961e+00  1.872938e+00  5.823909e-01  0.650419232614  0.759062933843 -0.027897747414 -0.683822113288  0.569168125814 -0.456546779570 -0.330669229327  0.316023902613  0.889261915160 
15.627  1.434238e+01  3.416608e+00  2.966951e+02  2.229103e+00  1.957119e+00  6.381351e-01  0.731210498162  0.668614445220 -0.135225482144 -0.599558274481  0.535372245691 -0.594900356400 -0.325363001706  0.516072942700  0.792343129543 
15.752  1.462823e+01  3.675920e+00  2.946485e+02  2.219244e+00  2.089381e+00  6.801338e-01  0.845760561723  0.350913471445 -0.401931347113 -0.492703117590  0.802750016337 -0.335910775635  0.204774779087  0.482132914070  0.851830466126 
15.877  1.489201e+01  3.927519e+00  2.938151e+02  2.307536e+00  2.196718e+00  6.781827e-01  0.899025975482  0.061327808265 -0.433579514440  0.021475727813  0.982777772183  0.183539215475  0.437368367082 -0.174317957869  0.882225686001 
16.002  1.519619e+01  4.210466e+00  2.917225e+02  2.399760e+00  2.170002e+00  6.962079e-01  0.889742238047 -0.439557689904 -0.123076346554  0.432236248183  0.724640683873  0.536719391333 -0.146733007846 -0.530739970723  0.834736190593 
16.127  1.550449e+01  4.486166e+00  2.901923e+02  2.357412e+00  2.111957e+00  7.244499e-01  0.625003502848 -0.756143498524  0.193952651612  0.643069185326  0.639576945308  0.421192775240 -0.442529823075 -0.138521986235  0.885990414744 
16.252  1.577625e+01  4.733919e+00  2.881946e+02  2.264987e+00  2.134572e+00  6.914177e-01  0.550970829939 -0.797747156605  0.245011466435  0.804807801038  0.585584778306  0.096823916490 -0.220715989326  0.143839985904  0.964673266195 
16.377  1.606425e+01  5.015122e+00  2.870150e+02  2.228139e+00  2.244957e+00  6.238374e-01  0.594703759868 -0.796812667015  0.106850417330  0.798079479151  0.569102049437 -0.197969700422  0.096935973496  0.203008450591  0.974366966821 
16.502  1.635501e+01  5.310941e+00  2.853008e+02  2.288344e+00  2.352491e+00  5.802249e-01  0.668938541735 -0.741595463905  0.050570696029  0.722194599385  0.632319583836 -0.280369228905  0.175943706907  0.224071666690  0.958559179282 
16.627  1.662604e+01  5.592237e+00  2.847634e+02  2.335234e+00  2.459082e+00  5.493189e-01  0.751935036694 -0.643492937044  0.143215015155  0.659204718055  0.736097630411 -0.153653565522 -0.006545249130  0.209945513115  0.977691178868 
16.752  1.692520e+01  5.915121e+00  2.826182e+02  2.281433e+00  2.534082e+00  5.181783e-01  0.841101323892 -0.504617069057  0.194705358332  0.479564589022  0.862235425196  0.162996553626 -0.250132700586 -0.043722821896  0.967223834975 
16.877  1.721519e+01  6.240396e+00  2.809865e+02  2.225004e+00  2.496529e+00  5.213514e-01  0.971067641314 -0.238802788916  0.000929515089  0.222435628137  0.905914783887  0.360334283228 -0.086890893238 -0.349702205226  0.932822780775 
17.002  1.747718e+01  6.528186e+00  2.804604e+02  2.271416e+00  2.407873e+00  5.217403e-01  0.965713891523  0.092270174779 -0.242657978575 -0.038807838717  0.975512809562  0.216491824406  0.256691704919 -0.199652130534  0.945647077614 
17.127  1.777807e+01  6.837352e+00  2.777488e+02  2.414211e+00  2.416529e+00  4.989625e-01  0.890922237186  0.348788220294 -0.290868259993 -0.403436489185  0.901921475422 -0.154196794283  0.208558304753  0.254724222557  0.944255793713 
17.252  1.809462e+01  7.154568e+00  2.763753e+02  2.486944e+00  2.515951e+00  4.975547e-01  0.795882228055  0.591305015116 -0.130114788418 -0.598128862744  0.734562926791 -0.320404697434 -0.093879404660  0.332829814896  0.938302175047 
17.377  1.838664e+01  7.454040e+00  2.742895e+02  2.490219e+00  2.601718e+00  4.891795e-01  0.685682249774  0.726764454010 -0.040660554995 -0.721240810483  0.670808311362 -0.172707564109 -0.098242280298  0.147748562751  0.984133535943 
17.502  1.870863e+01  7.792422e+00  2.728958e+02  2.532732e+00  2.631539e+00  4.518807e-01  0.622662630154  0.780065682006 -0.061553072761 -0.762107481291  0.622401259391  0.178350383429  0.177435723491 -0.064142061587  0.982039897338 
17.627  1.904327e+01  8.129615e+00  2.729098e+02  2.673689e+00  2.588419e+00  4.475061e-01  0.655389288913  0.755202669923  0.011567511361 -0.678978922558  0.582393169870  0.446996441162  0.330836066202 -0.300810776120  0.894460940606 
17.752  1.936275e+01  8.429884e+00  2.692730e+02  2.783858e+00  2.526271e+00  4.851118e-01  0.762308525990  0.595155209727  0.254314741094 -0.640444543549  0.636978317570  0.429056417716  0.093362186355 -0.489947853634  0.866737908989 
17.877  1.972453e+01  8.750161e+00  2.692992e+02  2.810627e+00  2.438241e+00  5.286264e-01  0.817564077973  0.342302773917  0.463052685314 -0.398620932236  0.916743791728  0.026118436255 -0.415560261324 -0.205935988349  0.885945843667 
18.002  2.008292e+01  9.063616e+00  2.671890e+02  2.737540e+00  2.456723e+00  5.672782e-01  0.962585044299 -0.038233120624  0.268269008608  0.156512918528  0.886609964215 -0.435231521939 -0.221209716844  0.460934919314  0.859421468973 
18.127  2.040239e+01  9.357206e+00  2.656571e+02  2.731259e+00  2.569343e+00  5.995062e-01  0.817959329946 -0.563875992852 -0.113957883620  0.444639419091  0.745376210218 -0.496699196931  0.365018248236  0.355609575133  0.860408919368 
18.252  2.075852e+01  9.693591e+00  2.643629e+02  2.801648e+00  2.636777e+00  6.199496e-01  0.569026051314 -0.736217120220 -0.366324589430  0.720762944250  0.660982307179 -0.208813715527  0.395866304605 -0.145212745622  0.906754171420 
18.377  2.112350e+01  1.003265e+01  2.619350e+02  2.856626e+00  2.610876e+00  6.141372e-01  0.562566831665 -0.778419003932 -0.278536199134  0.817739511992  0.573514128247  0.048822486912  0.121740093800 -0.255235967328  0.959184002444 
18.502  2.145929e+01  1.033586e+01  2.608740e+02  2.858075e+00  2.561319e+00  5.788255e-01  0.591824256672 -0.805031506895 -0.040845099104  0.805380265896  0.588469127268  0.071180851069 -0.033266747975 -0.075022391050  0.996626792897 
18.627  2.182484e+01  1.066683e+01  2.593438e+02  2.800818e+00  2.598965e+00  5.351176e-01  0.638038937581 -0.739364683322  0.215049248282  0.757466575194  0.652868268919 -0.002722297306 -0.138386059972  0.164629549275  0.976599411177 
18.752  2.217983e+01  1.100859e+01  2.574030e+02  2.698380e+00  2.708105e+00  5.129247e-01  0.708825483144 -0.632669711117  0.311922219601  0.652595703405  0.756024687677  0.050453141831 -0.267741073321  0.167796627674  0.948767099661 
18.877  2.249073e+01  1.132914e+01  2.560812e+02  2.596841e+00  2.755115e+00  4.940808e-01  0.829607901606 -0.534525898728  0.161346810264  0.502299167053  0.840677931294  0.202376289652 -0.243816070781 -0.086848600591  0.965924968206 
19.002  2.282115e+01  1.168269e+01  2.546477e+02  2.550696e+00  2.718252e+00  4.910371e-01  0.938085345505 -0.278367273634 -0.206173581039  0.321499494450  0.921237051106  0.218998563326  0.128972708810 -0.271724045015  0.953693915123 
19.127  2.315457e+01  1.203105e+01  2.533290e+02  2.647712e+00  2.699924e+00  4.982157e-01  0.916806260794  0.018887554850 -0.398885372559 -0.033621080573  0.998985118160 -0.029972598077  0.397914441948  0.040890022820  0.916510830773 
19.252  2.347158e+01  1.235024e+01  2.511267e+02  2.770588e+00  2.774809e+00  5.049956e-01  0.920295866894  0.313077776929 -0.234601412978 -0.368682992917  0.894642941730 -0.252362551791  0.130875391546  0.318741764452  0.938762653434 
19.377  2.383139e+01  1.271660e+01  2.503705e+02  2.792485e+00  2.908156e+00  4.908984e-01  0.793160870139  0.600183446775  0.103323106309 -0.564063205103  0.787939720297 -0.246948775715 -0.229626946871  0.137589343320  0.963504352806 
19.502  2.418968e+01  1.309464e+01  2.481254e+02  2.765210e+00  2.943091e+00  4.806800e-01  0.668993346861  0.710842172846  0.217143517424 -0.712434670269  0.696538871570 -0.085266880977 -0.211860195540 -0.097657594156  0.972408479935 
19.627  2.451266e+01  1.343893e+01  2.475819e+02  2.751612e+00  2.922726e+00  4.736165e-01  0.612878373519  0.788330267108  0.053995270477 -0.789087370715  0.614190216623 -0.010559317377 -0.041487596359 -0.036135408753  0.998485358722 
19.752  2.487098e+01  1.381742e+01  2.455457e+02  2.827134e+00  2.977020e+00  4.416560e-01  0.554534577073  0.788156534276 -0.267021872340 -0.814981574643  0.579231871242  0.017189308589  0.168215444663  0.208085840015  0.963537154116 
19.877  2.524365e+01  1.420822e+01  2.430132e+02  2.969787e+00  3.094979e+00  4.411890e-01  0.533448343262  0.705473293695 -0.466626506913 -0.725916816740  0.665007394466  0.175527606033  0.434140115914  0.245097117870  0.866862020489 
20.002  2.559959e+01  1.457449e+01  2.423966e+02  3.125150e+00  3.151916e+00  4.783666e-01  0.696652963515  0.622317691365 -0.356924837241 -0.482584928667  0.774640878283  0.408709305394  0.530835600774 -0.112482001699  0.839977002212 
20.127  2.601202e+01  1.498048e+01  2.414075e+02  3.269030e+00  3.124714e+00  5.165438e-01  0.974128406079  0.203546965255  0.098196137432 -0.225912368499  0.865279939396  0.447497741042  0.006119659302 -0.458103983189  0.888877545197 
20.252  2.643400e+01  1.537838e+01  2.398310e+02  3.248280e+00  3.057640e+00  5.504433e-01  0.841986913837 -0.246972385566  0.479648493895  0.245507477334  0.967077863483  0.066981225245 -0.480399953686  0.061359976614  0.874900473065 
20.377  2.681025e+01  1.573853e+01  2.377271e+02  3.169579e+00  3.112926e+00  5.858790e-01  0.749459681166 -0.497160852463  0.437197064360  0.643390457459  0.702615228359 -0.303941705149 -0.156073397982  0.509080472672  0.846450333325 
20.502  2.721658e+01  1.614671e+01  2.368064e+02  3.147107e+00  3.232338e+00  6.005746e-01  0.628651382825 -0.759903473202  0.165360667294  0.749848224576  0.535903790703 -0.387988101893  0.206216097754  0.367904659560  0.906708929316 
20.627  2.762453e+01  1.656870e+01  2.348584e+02  3.197218e+00  3.315833e+00  5.789772e-01  0.561981060999 -0.827079166771 -0.010832311487  0.817539779547  0.557394504675 -0.144706858914  0.125721899193  0.072466668561  0.989415274802 
20.752  2.799999e+01  1.695839e+01  2.337008e+02  3.189991e+00  3.319617e+00  5.328372e-01  0.605653021308 -0.794242140449 -0.048619338902  0.789968612249  0.592806791996  0.156619599749 -0.095572011817 -0.133264885465  0.986461586104 
20.877  2.840633e+01  1.738221e+01  2.313086e+02  3.106380e+00  3.244867e+00  5.100292e-01  0.709666054863 -0.692526339935 -0.129542885066  0.693184365202  0.653448693623  0.304138522128 -0.125974308548 -0.305633887681  0.943778787792 
21.002  2.880378e+01  1.779609e+01  2.297687e+02  3.075216e+00  3.168925e+00  5.081848e-01  0.799587786810 -0.538601584635 -0.265645824761  0.581397711100  0.805057368344  0.117725677756  0.150452892002 -0.248577888607  0.956855767911 
