0.00195312  0.000000e+00  0.000000e+00  0.000000e+00  0.000000e+00  0.000000e+00  0.000000e+00  0.998750260395  0.000000000000 -0.049979169271  0.000000000000  1.000000000000  0.000000000000  0.049979169271 -0.000000000000  0.998750260395 
0.251953  7.768115e-02  9.150892e-314  1.258888e+00  6.266716e-01  4.773366e-313  1.004648e+01  0.998750260395  0.000000000000 -0.049979169271  0.000000000000  1.000000000000  0.000000000000  0.049979169271 -0.000000000000  0.998750260395 
0.501953  3.118124e-01 -1.890933e-314  5.044226e+00  1.249707e+00 -2.159370e-312  2.014779e+01  0.998750260395  0.000000000000 -0.049979169271  0.000000000000  1.000000000000  0.000000000000  0.049979169271 -0.000000000000  0.998750260395 
0.751953  7.001404e-01  2.193885e-311  1.134216e+01  1.858687e+00  3.913401e-310  3.012489e+01  0.998742730889 -0.000000000000 -0.050129407496  0.000000000000  1.000000000000 -0.000000000000  0.050129407496  0.000000000000  0.998742730889 
1.00195  1.238254e+00  3.450528e-310  2.010475e+01  2.451550e+00  2.595683e-309  3.988972e+01  0.998718847722 -0.000000000000 -0.050602996010  0.000000000000  1.000000000000 -0.000000000000  0.050602996010  0.000000000000  0.998718847722 
1.25195  1.921657e+00  1.517353e-309  3.126233e+01  3.016231e+00  7.290736e-309  4.922281e+01  0.998669517882 -0.000000000000 -0.051567373916  0.000000000000  1.000000000000 -0.000000000000  0.051567373916  0.000000000000  0.998669517882 
1.50195  2.743555e+00  4.235484e-309  4.469361e+01  3.560331e+00  1.506331e-308  5.806760e+01  0.998583348421 -0.000000000000 -0.053209926297  0.000000000000  1.000000000000 -0.000000000000  0.053209926297  0.000000000000  0.998583348421 
1.75195  3.699763e+00  9.312077e-309  6.026466e+01  4.092472e+00  2.619800e-308  6.633297e+01  0.998450108766 -0.000000000000 -0.055654113103  0.000000000000  1.000000000000 -0.000000000000  0.055654113103  0.000000000000  0.998450108766 
2.00195  4.788803e+00  1.757534e-308  7.782315e+01  4.629576e+00  4.057724e-308  7.400147e+01  0.998264533515 -0.000000000000 -0.058889057775  0.000000000000  1.000000000000 -0.000000000000  0.058889057775  0.000000000000  0.998264533515 
2.25195  6.013509e+00  2.974805e-308  9.721326e+01  5.175422e+00  5.722249e-308  8.095102e+01  0.998031137368 -0.000000000000 -0.062720402127  0.000000000000  1.000000000000 -0.000000000000  0.062720402127  0.000000000000  0.998031137368 
2.50195  7.377184e+00  4.623091e-308  1.182549e+02  5.741983e+00  7.478839e-308  8.721666e+01  0.997768955458 -0.000000000000 -0.066761602170  0.000000000000  1.000000000000 -0.000000000000  0.066761602170  0.000000000000  0.997768955458 
2.75195  8.884897e+00  6.703883e-308  1.407774e+02  6.326357e+00  9.152064e-308  9.280830e+01  0.997510602570 -0.000000000000 -0.070516648817  0.000000000000  1.000000000000 -0.000000000000  0.070516648817  0.000000000000  0.997510602570 
3.00195  1.053947e+01  9.175748e-308  1.646150e+02  6.917496e+00  1.059076e-307  9.777610e+01  0.997293382211 -0.000000000000 -0.073524892366  0.000000000000  1.000000000000 -0.000000000000  0.073524892366  0.000000000000  0.997293382211 
3.25195  1.233969e+01  1.196754e-307  1.896170e+02  7.482886e+00  1.169666e-307  1.021072e+02  0.997143611169 -0.000000000000 -0.075528926278  0.000000000000  1.000000000000 -0.000000000000  0.075528926278  0.000000000000  0.997143611169 
3.50195  1.427595e+01  1.499710e-307  2.156306e+02  8.001707e+00  1.250497e-307  1.058830e+02  0.997061444600 -0.000000000000 -0.076605976866  0.000000000000  1.000000000000 -0.000000000000  0.076605976866  0.000000000000  0.997061444600 
3.75195  1.633433e+01  1.820461e-307  2.425240e+02  8.457944e+00  1.314693e-307  1.091578e+02  0.997019682114 -0.000000000000 -0.077147608365  0.000000000000  1.000000000000 -0.000000000000  0.077147608365  0.000000000000  0.997019682114 
4.00195  1.849885e+01  2.157026e-307  2.701791e+02  8.854869e+00  1.380383e-307  1.120084e+02  0.996976081128 -0.000000000000 -0.077709032027  0.000000000000  1.000000000000 -0.000000000000  0.077709032027  0.000000000000  0.996976081128 
4.25195  2.075643e+01  2.511641e-307  2.984957e+02  9.202924e+00  1.460271e-307  1.144432e+02  0.996892877147 -0.000000000000 -0.078769229359  0.000000000000  1.000000000000 -0.000000000000  0.078769229359  0.000000000000  0.996892877147 
4.50195  2.309799e+01  2.888527e-307  3.273774e+02  9.530862e+00  1.558230e-307  1.165385e+02  0.996753476179 -0.000000000000 -0.080514021919  0.000000000000  1.000000000000 -0.000000000000  0.080514021919  0.000000000000  0.996753476179 
4.75195  2.552143e+01  3.291424e-307  3.567450e+02  9.860909e+00  1.666414e-307  1.183415e+02  0.996567897053 -0.000000000000 -0.082779384898  0.000000000000  1.000000000000 -0.000000000000  0.082779384898  0.000000000000  0.996567897053 
5.00195  2.802879e+01  3.721242e-307  3.865305e+02  1.020501e+01  1.771775e-307  1.199051e+02  0.996366266357 -0.000000000000 -0.085171962913  0.000000000000  1.000000000000 -0.000000000000  0.085171962913  0.000000000000  0.996366266357 
5.25195  3.062417e+01  4.175812e-307  4.166793e+02  1.056439e+01  1.862748e-307  1.212418e+02  0.996188767143 -0.000000000000 -0.087223507256  0.000000000000  1.000000000000 -0.000000000000  0.087223507256  0.000000000000  0.996188767143 
5.50195  3.331072e+01  4.651173e-307  4.471394e+02  1.092895e+01  1.938721e-307  1.224033e+02  0.996080577776 -0.000000000000 -0.088450452675  0.000000000000  1.000000000000 -0.000000000000  0.088450452675  0.000000000000  0.996080577776 
5.75195  3.608576e+01  5.144486e-307  4.778711e+02  1.126783e+01  2.008283e-307  1.234225e+02  0.996043147876 -0.000000000000 -0.088870960216  0.000000000000  1.000000000000 -0.000000000000  0.088870960216  0.000000000000  0.996043147876 
6.00195  3.894049e+01  5.654966e-307  5.088422e+02  1.156743e+01  2.074969e-307  1.243366e+02  0.996037714929 -0.000000000000 -0.088931830287  0.000000000000  1.000000000000 -0.000000000000  0.088931830287  0.000000000000  0.996037714929 
6.25195  4.186577e+01  6.183007e-307  5.400291e+02  1.183384e+01  2.154082e-307  1.251416e+02  0.995997976503 -0.000000000000 -0.089375784199  0.000000000000  1.000000000000 -0.000000000000  0.089375784199  0.000000000000  0.995997976503 
6.50195  4.485646e+01  6.733602e-307  5.714068e+02  1.209489e+01  2.253887e-307  1.258632e+02  0.995906056771 -0.000000000000 -0.090394281269  0.000000000000  1.000000000000 -0.000000000000  0.090394281269  0.000000000000  0.995906056771 
6.75195  4.791394e+01  7.310178e-307  6.029573e+02  1.237037e+01  2.358649e-307  1.265269e+02  0.995777066189 -0.000000000000 -0.091804326981  0.000000000000  1.000000000000 -0.000000000000  0.091804326981  0.000000000000  0.995777066189 
7.00195  5.104261e+01  7.911836e-307  6.346658e+02  1.266579e+01  2.453190e-307  1.271419e+02  0.995647320691 -0.000000000000 -0.093200927043  0.000000000000  1.000000000000 -0.000000000000  0.093200927043  0.000000000000  0.995647320691 
7.25195  5.424620e+01  8.535192e-307  6.665228e+02  1.296501e+01  2.532276e-307  1.277024e+02  0.995544516676 -0.000000000000 -0.094292710829  0.000000000000  1.000000000000 -0.000000000000  0.094292710829  0.000000000000  0.995544516676 
7.50195  5.752387e+01  9.177366e-307  6.985160e+02  1.325656e+01  2.605979e-307  1.282322e+02  0.995467770892 -0.000000000000 -0.095099511644  0.000000000000  1.000000000000 -0.000000000000  0.095099511644  0.000000000000  0.995467770892 
7.75195  6.087288e+01  9.838681e-307  7.306385e+02  1.353594e+01  2.687273e-307  1.287386e+02  0.995393989425 -0.000000000000 -0.095868690495  0.000000000000  1.000000000000 -0.000000000000  0.095868690495  0.000000000000  0.995393989425 
8.00195  6.429086e+01  1.052189e-306  7.628848e+02  1.381232e+01  2.781438e-307  1.292382e+02  0.995301078779 -0.000000000000 -0.096828521526  0.000000000000  1.000000000000 -0.000000000000  0.096828521526  0.000000000000  0.995301078779 
8.25195  6.777839e+01  1.122958e-306  7.952530e+02  1.409172e+01  2.880902e-307  1.297022e+02  0.995186056631 -0.000000000000 -0.098003636093  0.000000000000  1.000000000000 -0.000000000000  0.098003636093  0.000000000000  0.995186056631 
8.50195  7.120595e+01  1.193076e-306  8.264145e+02  1.299630e+01  2.648025e-307  1.163464e+02  0.995063400491 -0.000000000000 -0.099241266633  0.000000000000  1.000000000000 -0.000000000000  0.099241266633  0.000000000000  0.995063400491 
8.75195  7.429517e+01  1.255691e-306  8.535674e+02  1.176246e+01  2.370427e-307  1.015680e+02  0.994942319518 -0.000000000000 -0.100447901088  0.000000000000  1.000000000000 -0.000000000000  0.100447901088  0.000000000000  0.994942319518 
9.00195  7.711199e+01  1.312137e-306  8.774132e+02  1.079616e+01  2.150369e-307  8.966109e+01  0.994814645509 -0.000000000000 -0.101704577477  0.000000000000  1.000000000000 -0.000000000000  0.101704577477  0.000000000000  0.994814645509 
9.25195  7.971269e+01  1.363653e-306  8.985565e+02  1.003098e+01  1.975876e-307  7.985191e+01  0.994667348657 -0.000000000000 -0.103135180789  0.000000000000  1.000000000000 -0.000000000000  0.103135180789  0.000000000000  0.994667348657 
9.50195  8.214079e+01  1.411236e-306  9.174474e+02  9.409708e+00  1.834479e-307  7.155725e+01  0.994490566870 -0.000000000000 -0.104826105557  0.000000000000  1.000000000000 -0.000000000000  0.104826105557  0.000000000000  0.994490566870 
9.75195  8.442780e+01  1.455610e-306  9.344159e+02  8.898490e+00  1.718080e-307  6.441219e+01  0.994278385756 -0.000000000000 -0.106819902730  0.000000000000  1.000000000000 -0.000000000000  0.106819902730  0.000000000000  0.994278385756 
10.002  8.659810e+01  1.497319e-306  9.497149e+02  8.470514e+00  1.619821e-307  5.814782e+01  0.994027367544 -0.000000000000 -0.109131079780  0.000000000000  1.000000000000 -0.000000000000  0.109131079780  0.000000000000  0.994027367544 
10.252  8.866967e+01  1.536759e-306  9.635398e+02  8.107240e+00  1.536830e-307  5.260036e+01  0.993728142903 -0.000000000000 -0.111822976179  0.000000000000  1.000000000000 -0.000000000000  0.111822976179  0.000000000000  0.993728142903 
10.502  9.065614e+01  1.574268e-306  9.760520e+02  7.789069e+00  1.465013e-307  4.761966e+01  0.993349327165 -0.000000000000 -0.115139542389  0.000000000000  1.000000000000 -0.000000000000  0.115139542389  0.000000000000  0.993349327165 
10.752  9.256804e+01  1.610095e-306  9.873791e+02  7.509988e+00  1.401933e-307  4.310051e+01  0.992861826944 -0.000000000000 -0.119270250259  0.000000000000  1.000000000000 -0.000000000000  0.119270250259  0.000000000000  0.992861826944 
11.002  9.441449e+01  1.644434e-306  9.976256e+02  7.263518e+00  1.345321e-307  3.895526e+01  0.992243204305 -0.000000000000 -0.124311799561  0.000000000000  1.000000000000 -0.000000000000  0.124311799561  0.000000000000  0.992243204305 
11.252  9.620309e+01  1.677429e-306  1.006876e+03  7.048236e+00  1.294691e-307  3.513007e+01  0.991473593438 -0.000000000000 -0.130307764600  0.000000000000  1.000000000000 -0.000000000000  0.130307764600  0.000000000000  0.991473593438 
11.502  9.794114e+01  1.709219e-306  1.015204e+03  6.858668e+00  1.248757e-307  3.156329e+01  0.990534060375 -0.000000000000 -0.137267167371  0.000000000000  1.000000000000 -0.000000000000  0.137267167371  0.000000000000  0.990534060375 
11.752  9.963463e+01  1.739916e-306  1.022670e+03  6.691339e+00  1.207284e-307  2.821995e+01  0.989402880263 -0.000000000000 -0.145196213891  0.000000000000  1.000000000000 -0.000000000000  0.145196213891  0.000000000000  0.989402880263 
12.002  1.012887e+02  1.769639e-306  1.029323e+03  6.542504e+00  1.170685e-307  2.505611e+01  0.988054342812 -0.000000000000 -0.154105858583  0.000000000000  1.000000000000 -0.000000000000  0.154105858583  0.000000000000  0.988054342812 
12.252  1.029077e+02  1.798533e-306  1.035206e+03  6.411181e+00  1.141379e-307  2.205077e+01  0.986457018084 -0.000000000000 -0.164019972786  0.000000000000  1.000000000000 -0.000000000000  0.164019972786  0.000000000000  0.986457018084 
12.502  1.044958e+02  1.826839e-306  1.040354e+03  6.294571e+00  1.123897e-307  1.917631e+01  0.984575083962 -0.000000000000 -0.174962578972  0.000000000000  1.000000000000 -0.000000000000  0.174962578972  0.000000000000  0.984575083962 
12.752  1.060563e+02  1.854973e-306  1.044797e+03  6.191131e+00  1.128193e-307  1.641114e+01  0.982366548284 -0.000000000000 -0.186965143308  0.000000000000  1.000000000000 -0.000000000000  0.186965143308  0.000000000000  0.982366548284 
13.002  1.075925e+02  1.883726e-306  1.048561e+03  6.099506e+00  1.174222e-307  1.373402e+01  0.979784700835 -0.000000000000 -0.200054842507  0.000000000000  1.000000000000 -0.000000000000  0.200054842507  0.000000000000  0.979784700835 
13.252  1.091073e+02  1.914622e-306  1.051666e+03  6.019767e+00  1.300529e-307  1.113183e+01  0.976779161743 -0.000000000000 -0.214248615361  0.000000000000  1.000000000000 -0.000000000000  0.214248615361  0.000000000000  0.976779161743 
13.502  1.106035e+02  1.950552e-306  1.054127e+03  5.951584e+00  1.577017e-307  8.587700e+00  0.973302279865 -0.000000000000 -0.229527061607  0.000000000000  1.000000000000 -0.000000000000  0.229527061607  0.000000000000  0.973302279865 
13.752  1.120846e+02  1.996246e-306  1.055958e+03  5.899925e+00  2.057636e-307  6.086947e+00  0.969322574000 -0.000000000000 -0.245792081917  0.000000000000  1.000000000000 -0.000000000000  0.245792081917 -0.000000000000  0.969322574000 
14.002  1.135551e+02  2.056694e-306  1.057168e+03  5.866203e+00  2.744598e-307  3.614130e+00  0.964859517159 -0.000000000000 -0.262766269046  0.000000000000  1.000000000000 -0.000000000000  0.262766269046 -0.000000000000  0.964859517159 
14.252  1.150188e+02  2.138099e-306  1.057762e+03  5.844768e+00  3.729332e-307  1.158444e+00  0.959940383040 -0.000000000000 -0.280204320113  0.000000000000  1.000000000000 -0.000000000000  0.280204320113 -0.000000000000  0.959940383040 
14.502  1.164780e+02  2.252329e-306  1.057743e+03  5.829110e+00  5.428881e-307 -1.286663e+00  0.954577420630 -0.000000000000 -0.297962997741  0.000000000000  1.000000000000 -0.000000000000  0.297962997741 -0.000000000000  0.954577420630 
14.752  1.179334e+02  2.436030e-306  1.057115e+03  5.814263e+00  9.483887e-307 -3.718522e+00  0.948746539565 -0.000000000000 -0.316037978199  0.000000000000  1.000000000000 -0.000000000000  0.316037978199 -0.000000000000  0.948746539565 
15.002  1.193851e+02  2.803772e-306  1.055881e+03  5.799545e+00  2.057826e-306 -6.128443e+00  0.942380045764 -0.000000000000 -0.334544241240  0.000000000000  1.000000000000 -0.000000000000  0.334544241240 -0.000000000000  0.942380045764 
15.252  1.208334e+02  3.675313e-306  1.054049e+03  5.786878e+00  5.066766e-306 -8.506154e+00  0.935370265334 -0.000000000000 -0.353669996930  0.000000000000  1.000000000000 -0.000000000000  0.353669996930 -0.000000000000  0.935370265334 
15.502  1.222789e+02  5.929690e-306  1.051627e+03  5.775064e+00  1.444328e-305 -1.082948e+01  0.927623690848 -0.000000000000 -0.373516115018  0.000000000000  1.000000000000 -0.000000000000  0.373516115018 -0.000000000000  0.927623690848 
15.752  1.237163e+02  1.643571e-305  1.048652e+03  5.711326e+00  8.121625e-305 -1.289884e+01  0.921989448089 -0.000000000000 -0.387215001791  0.000000000000  1.000000000000 -0.000000000000  0.387215001791  0.000000000000  0.921989448089 
16.002  1.251284e+02  6.939330e-305  1.045211e+03  5.574365e+00  3.726364e-304 -1.452758e+01  0.927769344825 -0.000000000000 -0.373154181007 -0.000000000000  1.000000000000 -0.000000000000  0.373154181007  0.000000000000  0.927769344825 
16.252  1.264970e+02  2.683215e-304  1.041430e+03  5.361573e+00  1.278525e-303 -1.562006e+01  0.953178117962  0.000000000000 -0.302409449982 -0.000000000000  1.000000000000 -0.000000000000  0.302409449982  0.000000000000  0.953178117962 
16.502  1.278050e+02  8.400128e-304  1.037446e+03  5.092688e+00  3.376550e-303 -1.615268e+01  0.988618304084  0.000000000000 -0.150445501194 -0.000000000000  1.000000000000 -0.000000000000  0.150445501194  0.000000000000  0.988618304084 
16.752  1.290408e+02  2.074592e-303  1.033394e+03  4.780435e+00  6.580709e-303 -1.619449e+01  0.996998657010  0.000000000000  0.077418847321 -0.000000000000  1.000000000000 -0.000000000000 -0.077418847321  0.000000000000  0.996998657010 
17.002  1.301876e+02  3.888632e-303  1.029379e+03  4.369666e+00  7.985061e-303 -1.586469e+01  0.947859967460  0.000000000000  0.318687122562 -0.000000000000  1.000000000000 -0.000000000000 -0.318687122562  0.000000000000  0.947859967460 
17.252  1.312280e+02  4.495570e-303  1.025479e+03  3.960969e+00 -3.520619e-303 -1.530855e+01  0.875334922739  0.000000000000  0.483517086599 -0.000000000000  1.000000000000 -0.000000000000 -0.483517086599  0.000000000000  0.875334922739 
17.502  1.321743e+02 -1.961065e-303  1.021737e+03  3.617825e+00 -4.845308e-302 -1.462152e+01  0.853876901685  0.000000000000  0.520475010706 -0.000000000000  1.000000000000  0.000000000000 -0.520475010706 -0.000000000000  0.853876901685 
17.752  1.330432e+02 -2.667693e-302  1.018174e+03  3.342141e+00 -1.491873e-301 -1.389126e+01  0.910083370671  0.000000000000  0.414425214519 -0.000000000000  1.000000000000  0.000000000000 -0.414425214519 -0.000000000000  0.910083370671 
18.002  1.338511e+02 -8.288099e-302  1.014791e+03  3.127056e+00 -3.011444e-301 -1.316529e+01  0.984508362548  0.000000000000  0.175337628799 -0.000000000000  1.000000000000  0.000000000000 -0.175337628799 -0.000000000000  0.984508362548 
18.252  1.346172e+02 -1.700461e-301  1.011585e+03  3.018792e+00 -3.988530e-301 -1.249792e+01  0.992331193066  0.000000000000 -0.123607456359 -0.000000000000  1.000000000000  0.000000000000  0.123607456359 -0.000000000000  0.992331193066 
18.502  1.353667e+02 -2.366018e-301  1.008539e+03  2.981000e+00 -1.384027e-301 -1.190010e+01  0.932318409330  0.000000000000 -0.361638470885 -0.000000000000  1.000000000000  0.000000000000  0.361638470885 -0.000000000000  0.932318409330 
18.752  1.361093e+02 -1.296005e-301  1.005618e+03  2.962408e+00  9.687355e-301 -1.150010e+01  0.884130171818  0.000000000000 -0.467240665269 -0.000000000000  1.000000000000 -0.000000000000  0.467240665269  0.000000000000  0.884130171818 
19.002  1.368492e+02  4.355529e-301  1.002777e+03  2.966897e+00  3.510945e-300 -1.124442e+01  0.901473983470  0.000000000000 -0.432833290225 -0.000000000000  1.000000000000 -0.000000000000  0.432833290225  0.000000000000  0.901473983470 
19.252  1.375917e+02  1.865118e-300  9.999867e+02  2.974792e+00  7.862622e-300 -1.109192e+01  0.963255846656  0.000000000000 -0.268585505721 -0.000000000000  1.000000000000 -0.000000000000  0.268585505721  0.000000000000  0.963255846656 
19.502  1.383368e+02  4.447687e-300  9.972264e+02  2.981278e+00  1.277123e-299 -1.099739e+01  0.999916422868  0.000000000000 -0.012928545155 -0.000000000000  1.000000000000 -0.000000000000  0.012928545155  0.000000000000  0.999916422868 
19.752  1.390792e+02  7.619534e-300  9.944852e+02  2.953395e+00  1.263911e-299 -1.093754e+01  0.968419589869  0.000000000000  0.249326087598 -0.000000000000  1.000000000000 -0.000000000000 -0.249326087598  0.000000000000  0.968419589869 
20.002  1.398140e+02  8.352202e-300  9.917561e+02  2.920124e+00 -6.656034e-300 -1.089046e+01  0.902711062205  0.000000000000  0.430247298855 -0.000000000000  1.000000000000 -0.000000000000 -0.430247298855  0.000000000000  0.902711062205 
20.252  1.405421e+02 -1.197166e-300  9.890369e+02  2.905310e+00 -6.922273e-299 -1.086568e+01  0.871916592607  0.000000000000  0.489654424607 -0.000000000000  1.000000000000  0.000000000000 -0.489654424607 -0.000000000000  0.871916592607 
20.502  1.412670e+02 -3.584927e-299  9.863225e+02  2.894045e+00 -2.068677e-298 -1.085021e+01  0.906474640229  0.000000000000  0.422260259345 -0.000000000000  1.000000000000  0.000000000000 -0.422260259345 -0.000000000000  0.906474640229 
20.752  1.419894e+02 -1.164500e-298  9.836113e+02  2.885464e+00 -4.361963e-298 -1.084059e+01  0.972118899851  0.000000000000  0.234488474240 -0.000000000000  1.000000000000  0.000000000000 -0.234488474240 -0.000000000000  0.972118899851 
21.002  1.427110e+02 -2.552688e-298  9.809020e+02  2.895205e+00 -6.771411e-298 -1.082438e+01  0.999457026376  0.000000000000 -0.032949240167 -0.000000000000  1.000000000000  0.000000000000  0.032949240167 -0.000000000000  0.999457026376 
21.252  1.434405e+02 -4.136445e-298  9.781959e+02  2.946120e+00 -5.923965e-298 -1.082400e+01  0.956279110709  0.000000000000 -0.292455573416 -0.000000000000  1.000000000000  0.000000000000  0.292455573416 -0.000000000000  0.956279110709 
21.502  1.441836e+02 -4.087636e-298  9.754900e+02  2.997780e+00  6.252908e-298 -1.082253e+01  0.887004852067  0.000000000000 -0.461760102661 -0.000000000000  1.000000000000  0.000000000000  0.461760102661  0.000000000000  0.887004852067 
21.752  1.449387e+02  2.133008e-298  9.727847e+02  3.041547e+00  4.324535e-297 -1.082035e+01  0.861220042225  0.000000000000 -0.508232268623 -0.000000000000  1.000000000000 -0.000000000000  0.508232268623  0.000000000000  0.861220042225 
22.002  1.457038e+02  2.295335e-297  9.700801e+02  3.086726e+00  1.228928e-296 -1.080963e+01  0.903869324747  0.000000000000 -0.427808653234 -0.000000000000  1.000000000000 -0.000000000000  0.427808653234  0.000000000000  0.903869324747 
22.252  1.464796e+02  6.988816e-297  9.673774e+02  3.119159e+00  2.516969e-296 -1.081156e+01  0.973953200264  0.000000000000 -0.226749120606 -0.000000000000  1.000000000000 -0.000000000000  0.226749120606  0.000000000000  0.973953200264 
22.502  1.472617e+02  1.483732e-296  9.646743e+02  3.129152e+00  3.768804e-296 -1.081307e+01  0.998754483191  0.000000000000  0.049894712210 -0.000000000000  1.000000000000 -0.000000000000 -0.049894712210  0.000000000000  0.998754483191 
22.752  1.480405e+02  2.325962e-296  9.619711e+02  3.097513e+00  2.980500e-296 -1.081222e+01  0.950690571530  0.000000000000  0.310140995683 -0.000000000000  1.000000000000 -0.000000000000 -0.310140995683  0.000000000000  0.950690571530 
23.002  1.488109e+02  2.127201e-296  9.592681e+02  3.059479e+00 -4.514178e-296 -1.080381e+01  0.881043193283  0.000000000000  0.473035824827 -0.000000000000  1.000000000000  0.000000000000 -0.473035824827 -0.000000000000  0.881043193283 
23.252  1.495729e+02 -1.747235e-296  9.565671e+02  3.036842e+00 -2.632096e-295 -1.080439e+01  0.860627375938  0.000000000000  0.509235230307 -0.000000000000  1.000000000000  0.000000000000 -0.509235230307 -0.000000000000  0.860627375938 
23.502  1.503298e+02 -1.408990e-295  9.538661e+02  3.019171e+00 -7.207686e-295 -1.080411e+01  0.909195279148  0.000000000000  0.416369960943 -0.000000000000  1.000000000000  0.000000000000 -0.416369960943 -0.000000000000  0.909195279148 
23.752  1.510828e+02 -4.118425e-295  9.511651e+02  3.005411e+00 -1.441748e-294 -1.080347e+01  0.979253475295  0.000000000000  0.202639164831 -0.000000000000  1.000000000000  0.000000000000 -0.202639164831 -0.000000000000  0.979253475295 
24.002  1.518345e+02 -8.529331e-295  9.484642e+02  3.018593e+00 -2.098189e-294 -1.079475e+01  0.996644153006  0.000000000000 -0.081856168243 -0.000000000000  1.000000000000  0.000000000000  0.081856168243 -0.000000000000  0.996644153006 
24.252  1.525952e+02 -1.300218e-294  9.457651e+02  3.069417e+00 -1.484377e-294 -1.079814e+01  0.940188743947  0.000000000000 -0.340653967766 -0.000000000000  1.000000000000  0.000000000000  0.340653967766 -0.000000000000  0.940188743947 
24.502  1.533686e+02 -1.099048e-294  9.430656e+02  3.116498e+00  3.066186e-294 -1.079763e+01  0.868554143236  0.000000000000 -0.495594289987 -0.000000000000  1.000000000000 -0.000000000000  0.495594289987  0.000000000000  0.868554143236 
24.752  1.541528e+02  1.271227e-294  9.403662e+02  3.156734e+00  1.580106e-293 -1.079694e+01  0.852824246489  0.000000000000 -0.522198051127 -0.000000000000  1.000000000000 -0.000000000000  0.522198051127  0.000000000000  0.852824246489 
25.002  1.549465e+02  8.519289e-294  9.376671e+02  3.199035e+00  4.204804e-293 -1.078848e+01  0.908164650859  0.000000000000 -0.418613147107 -0.000000000000  1.000000000000 -0.000000000000  0.418613147107  0.000000000000  0.908164650859 
25.252  1.557500e+02  2.408579e-293  9.349698e+02  3.229339e+00  8.220868e-293 -1.079000e+01  0.981124797197  0.000000000000 -0.193375624950 -0.000000000000  1.000000000000 -0.000000000000  0.193375624950  0.000000000000  0.981124797197 
25.502  1.565587e+02  4.878181e-293  9.322719e+02  3.230844e+00  1.156465e-292 -1.079204e+01  0.995127912783  0.000000000000  0.098592277584 -0.000000000000  1.000000000000 -0.000000000000 -0.098592277584  0.000000000000  0.995127912783 
25.752  1.573621e+02  7.222592e-293  9.295738e+02  3.195529e+00  7.205431e-293 -1.079256e+01  0.934089695437  0.000000000000  0.357038430533 -0.000000000000  1.000000000000 -0.000000000000 -0.357038430533  0.000000000000  0.934089695437 
26.002  1.581571e+02  5.593496e-293  9.268759e+02  3.157505e+00 -2.002956e-292 -1.078398e+01  0.862759574565  0.000000000000  0.505614395065 -0.000000000000  1.000000000000  0.000000000000 -0.505614395065 -0.000000000000  0.862759574565 
26.252  1.589436e+02 -8.711769e-293  9.241799e+02  3.135256e+00 -9.384061e-292 -1.078365e+01  0.852566764706  0.000000000000  0.522618323176 -0.000000000000  1.000000000000  0.000000000000 -0.522618323176 -0.000000000000  0.852566764706 
26.502  1.597252e+02 -5.090836e-292  9.214840e+02  3.117818e+00 -2.426095e-291 -1.078382e+01  0.913278360482  0.000000000000  0.407336023788 -0.000000000000  1.000000000000  0.000000000000 -0.407336023788 -0.000000000000  0.913278360482 
26.752  1.605029e+02 -1.395230e-291  9.187880e+02  3.104334e+00 -4.648005e-291 -1.078433e+01  0.985382883322  0.000000000000  0.170354258110 -0.000000000000  1.000000000000  0.000000000000 -0.170354258110 -0.000000000000  0.985382883322 
27.002  1.612802e+02 -2.766841e-291  9.160920e+02  3.125341e+00 -6.363665e-291 -1.077460e+01  0.991742219306  0.000000000000 -0.128247301907 -0.000000000000  1.000000000000  0.000000000000  0.128247301907 -0.000000000000  0.991742219306 
27.252  1.620680e+02 -3.990332e-291  9.133979e+02  3.177635e+00 -3.428715e-291 -1.077785e+01  0.923105449144  0.000000000000 -0.384546914901 -0.000000000000  1.000000000000  0.000000000000  0.384546914901 -0.000000000000  0.923105449144 
27.502  1.628682e+02 -2.819930e-291  9.107033e+02  3.223265e+00  1.268494e-290 -1.077836e+01  0.850705387007  0.000000000000 -0.525642791749 -0.000000000000  1.000000000000 -0.000000000000  0.525642791749  0.000000000000  0.850705387007 
27.752  1.636790e+02  5.695786e-291  9.080090e+02  3.262435e+00  5.511735e-290 -1.077639e+01  0.845383268540  0.000000000000 -0.534160209368 -0.000000000000  1.000000000000 -0.000000000000  0.534160209368  0.000000000000  0.845383268540 
28.002  1.644990e+02  3.006762e-290  9.053149e+02  3.303794e+00  1.394374e-289 -1.076802e+01  0.912406511154  0.000000000000 -0.409285179800 -0.000000000000  1.000000000000 -0.000000000000  0.409285179800  0.000000000000  0.912406511154 
28.252  1.653287e+02  8.033376e-290  9.026225e+02  3.333151e+00  2.618938e-289 -1.077098e+01  0.986801027755  0.000000000000 -0.161937431197 -0.000000000000  1.000000000000 -0.000000000000  0.161937431197  0.000000000000  0.986801027755 
28.502  1.661624e+02  1.563248e-289  8.999296e+02  3.327617e+00  3.470730e-289 -1.077187e+01  0.989718928235  0.000000000000  0.143026022433 -0.000000000000  1.000000000000 -0.000000000000 -0.143026022433  0.000000000000  0.989718928235 
28.752  1.669897e+02  2.194088e-289  8.972365e+02  3.291218e+00  1.577508e-289 -1.077224e+01  0.917118129597  0.000000000000  0.398615524489 -0.000000000000  1.000000000000 -0.000000000000 -0.398615524489  0.000000000000  0.917118129597 
29.002  1.678088e+02  1.401515e-289  8.945435e+02  3.253756e+00 -7.845144e-289 -1.076394e+01  0.845511217697  0.000000000000  0.533957658198 -0.000000000000  1.000000000000  0.000000000000 -0.533957658198 -0.000000000000  0.845511217697 
29.252  1.686194e+02 -3.610919e-289  8.918526e+02  3.232290e+00 -3.206889e-288 -1.076435e+01  0.845561865177  0.000000000000  0.533877450506 -0.000000000000  1.000000000000  0.000000000000 -0.533877450506 -0.000000000000  0.845561865177 
29.502  1.694253e+02 -1.757620e-288  8.891616e+02  3.215423e+00 -7.929465e-288 -1.076351e+01  0.917260774853  0.000000000000  0.398287171419 -0.000000000000  1.000000000000  0.000000000000 -0.398287171419 -0.000000000000  0.917260774853 
29.752  1.702275e+02 -4.583893e-288  8.864706e+02  3.202992e+00 -1.463857e-287 -1.076421e+01  0.990116184659  0.000000000000  0.140249566405 -0.000000000000  1.000000000000  0.000000000000 -0.140249566405 -0.000000000000  0.990116184659 
30.002  1.710303e+02 -8.762524e-288  8.837795e+02  3.231347e+00 -1.891865e-287 -1.075584e+01  0.985389820253  0.000000000000 -0.170314127839 -0.000000000000  1.000000000000  0.000000000000  0.170314127839 -0.000000000000  0.985389820253 
30.252  1.718448e+02 -1.200761e-287  8.810903e+02  3.283928e+00 -7.051238e-288 -1.075769e+01  0.905906902259  0.000000000000 -0.423476899535 -0.000000000000  1.000000000000  0.000000000000  0.423476899535 -0.000000000000  0.905906902259 
30.502  1.726714e+02 -6.907383e-288  8.784007e+02  3.328531e+00  4.746976e-287 -1.075802e+01  0.833770109356  0.000000000000 -0.552111768345 -0.000000000000  1.000000000000 -0.000000000000  0.552111768345  0.000000000000  0.833770109356 
30.752  1.735084e+02  2.223425e-287  8.757114e+02  3.366966e+00  1.846006e-286 -1.075724e+01  0.838568339859  0.000000000000 -0.544796420130 -0.000000000000  1.000000000000 -0.000000000000  0.544796420130  0.000000000000  0.838568339859 
31.002  1.743545e+02  1.015980e-286  8.730223e+02  3.407658e+00  4.490335e-286 -1.074774e+01  0.916138812438  0.000000000000 -0.400861168416 -0.000000000000  1.000000000000 -0.000000000000  0.400861168416  0.000000000000  0.916138812438 
31.252  1.752101e+02  2.599077e-286  8.703349e+02  3.435843e+00  8.152816e-286 -1.075088e+01  0.991036041575  0.000000000000 -0.133594776467 -0.000000000000  1.000000000000 -0.000000000000  0.133594776467  0.000000000000  0.991036041575 
31.502  1.760687e+02  4.891746e-286  8.676469e+02  3.424202e+00  1.022408e-285 -1.075306e+01  0.983194126291  0.000000000000  0.182563167225 -0.000000000000  1.000000000000 -0.000000000000 -0.182563167225  0.000000000000  0.983194126291 
31.752  1.769201e+02  6.541792e-286  8.649587e+02  3.387970e+00  2.985507e-286 -1.075205e+01  0.900345666685  0.000000000000  0.435175459421 -0.000000000000  1.000000000000 -0.000000000000 -0.435175459421  0.000000000000  0.900345666685 
32.002  1.777635e+02  3.353455e-286  8.622707e+02  3.351427e+00 -2.824989e-285 -1.074407e+01  0.829150630556  0.000000000000  0.559025251531 -0.000000000000  1.000000000000  0.000000000000 -0.559025251531 -0.000000000000  0.829150630556 
32.252  1.785986e+02 -1.342762e-285  8.595847e+02  3.330572e+00 -1.053990e-284 -1.074443e+01  0.838875143321  0.000000000000  0.544323886962 -0.000000000000  1.000000000000  0.000000000000 -0.544323886962 -0.000000000000  0.838875143321 
32.502  1.794291e+02 -5.821577e-285  8.568987e+02  3.314132e+00 -2.517879e-284 -1.074432e+01  0.920459243237  0.000000000000  0.390838561991 -0.000000000000  1.000000000000  0.000000000000 -0.390838561991 -0.000000000000  0.920459243237 
32.752  1.802560e+02 -1.461753e-284  8.542126e+02  3.302928e+00 -4.507701e-284 -1.074430e+01  0.993484609083  0.000000000000  0.113966361334 -0.000000000000  1.000000000000  0.000000000000 -0.113966361334 -0.000000000000  0.993484609083 
33.002  1.810845e+02 -2.711430e-284  8.515264e+02  3.337594e+00 -5.530685e-284 -1.073604e+01  0.978323329383  0.000000000000 -0.207083227676 -0.000000000000  1.000000000000  0.000000000000  0.207083227676 -0.000000000000  0.978323329383 
33.252  1.819255e+02 -3.551767e-284  8.488420e+02  3.389522e+00 -1.200954e-284 -1.073885e+01  0.889224803308  0.000000000000 -0.457470489957 -0.000000000000  1.000000000000  0.000000000000  0.457470489957 -0.000000000000  0.889224803308 
33.502  1.827784e+02 -1.621489e-284  8.461574e+02  3.433296e+00  1.651365e-283 -1.073784e+01  0.817666983344  0.000000000000 -0.575691501022 -0.000000000000  1.000000000000 -0.000000000000  0.575691501022  0.000000000000  0.817666983344 
33.752  1.836416e+02  7.930728e-284  8.434730e+02  3.471133e+00  5.956594e-283 -1.073704e+01  0.831732081094  0.000000000000 -0.555177219705 -0.000000000000  1.000000000000 -0.000000000000  0.555177219705  0.000000000000  0.831732081094 
34.002  1.845136e+02  3.300321e-283  8.407889e+02  3.511290e+00  1.406328e-282 -1.072884e+01  0.918787700323  0.000000000000 -0.394752025626 -0.000000000000  1.000000000000 -0.000000000000  0.394752025626  0.000000000000  0.918787700323 
34.252  1.853950e+02  8.170757e-283  8.381064e+02  3.538218e+00  2.484369e-282 -1.073092e+01  0.993955951708  0.000000000000 -0.109779624999 -0.000000000000  1.000000000000 -0.000000000000  0.109779624999  0.000000000000  0.993955951708 
34.502  1.862786e+02  1.497316e-282  8.354233e+02  3.521496e+00  2.969037e-282 -1.073315e+01  0.976294412620  0.000000000000  0.216446806136 -0.000000000000  1.000000000000 -0.000000000000 -0.216446806136  0.000000000000  0.976294412620 
34.752  1.871544e+02  1.921591e-282  8.327401e+02  3.486042e+00  4.325736e-283 -1.073323e+01  0.884314090296  0.000000000000  0.466892481952 -0.000000000000  1.000000000000 -0.000000000000 -0.466892481952  0.000000000000  0.884314090296 
35.002  1.880224e+02  7.751216e-283  8.300571e+02  3.449799e+00 -9.526623e-282 -1.072402e+01  0.813493766514  0.000000000000  0.581573634068 -0.000000000000  1.000000000000  0.000000000000 -0.581573634068 -0.000000000000  0.813493766514 
35.252  1.888822e+02 -4.615398e-282  8.273760e+02  3.429431e+00 -3.340957e-281 -1.072433e+01  0.831801686149  0.000000000000  0.555072927569 -0.000000000000  1.000000000000  0.000000000000 -0.555072927569 -0.000000000000  0.831801686149 
35.502  1.897375e+02 -1.855885e-281  8.246949e+02  3.413327e+00 -7.779712e-281 -1.072471e+01  0.922308361742  0.000000000000  0.386454765607 -0.000000000000  1.000000000000  0.000000000000 -0.386454765607 -0.000000000000  0.922308361742 
35.752  1.905893e+02 -4.531757e-281  8.220138e+02  3.403283e+00 -1.359817e-280 -1.072443e+01  0.995669618553  0.000000000000  0.092962415472 -0.000000000000  1.000000000000  0.000000000000 -0.092962415472 -0.000000000000  0.995669618553 
36.002  1.914433e+02 -8.212724e-281  8.193324e+02  3.442650e+00 -1.597112e-280 -1.071669e+01  0.971311040074  0.000000000000 -0.237812664570 -0.000000000000  1.000000000000  0.000000000000  0.237812664570 -0.000000000000  0.971311040074 
36.252  1.923105e+02 -1.037045e-280  8.166529e+02  3.493739e+00 -1.342642e-281 -1.071926e+01  0.873572072614  0.000000000000 -0.486694805755 -0.000000000000  1.000000000000  0.000000000000  0.486694805755 -0.000000000000  0.873572072614 
36.502  1.931894e+02 -3.723769e-281  8.139732e+02  3.536900e+00  5.409896e-280 -1.071796e+01  0.802173441011  0.000000000000 -0.597091090652 -0.000000000000  1.000000000000 -0.000000000000  0.597091090652  0.000000000000  0.802173441011 
36.752  1.940784e+02  2.636169e-280  8.112937e+02  3.574305e+00  1.855402e-279 -1.071708e+01  0.824152824105  0.000000000000 -0.566367480104 -0.000000000000  1.000000000000 -0.000000000000  0.566367480104  0.000000000000  0.824152824105 
37.002  1.949762e+02  1.032908e-279  8.086145e+02  3.614124e+00  4.287688e-279 -1.070893e+01  0.919798473589  0.000000000000 -0.392391090601 -0.000000000000  1.000000000000 -0.000000000000  0.392391090601  0.000000000000  0.919798473589 
37.252  1.958833e+02  2.498410e-279  8.059370e+02  3.640011e+00  7.421571e-279 -1.071133e+01  0.995766280734  0.000000000000 -0.091921238861 -0.000000000000  1.000000000000 -0.000000000000  0.091921238861  0.000000000000  0.995766280734 
37.502  1.967919e+02  4.489006e-279  8.032587e+02  3.619735e+00  8.536687e-279 -1.071338e+01  0.969786709520  0.000000000000  0.243954376963 -0.000000000000  1.000000000000 -0.000000000000 -0.243954376963  0.000000000000  0.969786709520 
37.752  1.976923e+02  5.582637e-279  8.005804e+02  3.584940e+00  2.459732e-280 -1.071334e+01  0.869518571999  0.000000000000  0.493900245949 -0.000000000000  1.000000000000 -0.000000000000 -0.493900245949  0.000000000000  0.869518571999 
38.002  1.985851e+02  1.787073e-279  7.979023e+02  3.549337e+00 -3.037041e-278 -1.070539e+01  0.798319900712  0.000000000000  0.602233622548 -0.000000000000  1.000000000000  0.000000000000 -0.602233622548 -0.000000000000  0.798319900712 
38.252  1.994698e+02 -1.486716e-278  7.952261e+02  3.529267e+00 -1.022910e-277 -1.070460e+01  0.823647196587  0.000000000000  0.567102544127 -0.000000000000  1.000000000000  0.000000000000 -0.567102544127 -0.000000000000  0.823647196587 
38.502  2.003501e+02 -5.704005e-278  7.925499e+02  3.513354e+00 -2.340733e-277 -1.070497e+01  0.922293513490  0.000000000000  0.386490200359 -0.000000000000  1.000000000000  0.000000000000 -0.386490200359 -0.000000000000  0.922293513490 
38.752  2.012269e+02 -1.366928e-277  7.898736e+02  3.504116e+00 -4.023765e-277 -1.070587e+01  0.996906863336  0.000000000000  0.078592021440 -0.000000000000  1.000000000000  0.000000000000 -0.078592021440 -0.000000000000  0.996906863336 
39.002  2.021065e+02 -2.437668e-277  7.871972e+02  3.546694e+00 -4.577144e-277 -1.069710e+01  0.965114095753  0.000000000000 -0.261829681624 -0.000000000000  1.000000000000  0.000000000000  0.261829681624 -0.000000000000  0.965114095753 
39.252  2.029996e+02 -2.999889e-277  7.845225e+02  3.597164e+00  5.890239e-279 -1.069953e+01  0.859422042141  0.000000000000 -0.511266812420 -0.000000000000  1.000000000000  0.000000000000  0.511266812420 -0.000000000000  0.859422042141 
39.502  2.039044e+02 -8.762672e-278  7.818477e+02  3.639875e+00  1.680138e-276 -1.069928e+01  0.787063899357  0.000000000000 -0.616871476346 -0.000000000000  1.000000000000 -0.000000000000  0.616871476346  0.000000000000  0.787063899357 
39.752  2.048190e+02  8.243584e-277  7.791732e+02  3.676976e+00  5.584390e-276 -1.069718e+01  0.815136495623  0.000000000000 -0.579268930207 -0.000000000000  1.000000000000 -0.000000000000  0.579268930207  0.000000000000  0.815136495623 
40.002  2.057424e+02  3.117979e-276  7.764989e+02  3.716647e+00  1.273177e-275 -1.068911e+01  0.918643063198  0.000000000000 -0.395088499502 -0.000000000000  1.000000000000 -0.000000000000  0.395088499502  0.000000000000  0.918643063198 
40.252  2.066751e+02  7.434168e-276  7.738263e+02  3.741916e+00  2.175763e-275 -1.069262e+01  0.996683930882  0.000000000000 -0.081370399544 -0.000000000000  1.000000000000 -0.000000000000  0.081370399544  0.000000000000  0.996683930882 
40.502  2.076089e+02  1.319340e-275  7.711529e+02  3.719494e+00  2.440884e-275 -1.069372e+01  0.964418095698  0.000000000000  0.264381800980 -0.000000000000  1.000000000000 -0.000000000000 -0.264381800980  0.000000000000  0.964418095698 
40.752  2.085343e+02  1.609057e-275  7.684794e+02  3.685113e+00 -1.111068e-276 -1.069360e+01  0.856436568965  0.000000000000  0.516252267152 -0.000000000000  1.000000000000 -0.000000000000 -0.516252267152  0.000000000000  0.856436568965 
41.002  2.094522e+02  4.366183e-276  7.658063e+02  3.649523e+00 -9.196543e-275 -1.068595e+01  0.783428165857  0.000000000000  0.621482348053 -0.000000000000  1.000000000000  0.000000000000 -0.621482348053 -0.000000000000  0.783428165857 
41.252  2.103620e+02 -4.517702e-275  7.631350e+02  3.629675e+00 -3.026860e-274 -1.068481e+01  0.813736846948  0.000000000000  0.581233467652 -0.000000000000  1.000000000000  0.000000000000 -0.581233467652 -0.000000000000  0.813736846948 
41.502  2.112674e+02 -1.691318e-274  7.604637e+02  3.613894e+00 -6.859672e-274 -1.068522e+01  0.919878406350  0.000000000000  0.392203668432 -0.000000000000  1.000000000000  0.000000000000 -0.392203668432 -0.000000000000  0.919878406350 
