0.00195312  0.000000e+00  0.000000e+00  0.000000e+00  0.000000e+00  0.000000e+00  0.000000e+00  0.998750260395  0.000000000000 -0.049979169271  0.000000000000  1.000000000000  0.000000000000  0.049979169271 -0.000000000000  0.998750260395 
0.126953  8.173863e-02 -4.124055e-05  1.877732e+00  1.529292e+00  1.300823e-03  3.066627e+01  0.998763490797  0.000123470971 -0.049713923672 -0.000126475768  0.999999990361 -0.000057296002  0.049713916119  0.000063512761  0.998763496785 
0.251953  3.703310e-01  3.552287e-04  7.448869e+00  3.063360e+00  4.737481e-03  5.826833e+01  0.998695398252  0.000023218620 -0.051063695234 -0.000027461745  0.999999996229 -0.000082393142  0.051063693129  0.000083687950  0.998695395123 
0.376953  8.493890e-01  1.207717e-03  1.692266e+01  4.480165e+00  4.854486e-03  8.645731e+01  0.998563249692  0.000072151943 -0.053585736524 -0.000071541852  0.999999997352  0.000013303512  0.053585737342 -0.000009450775  0.998563252210 
0.501953  1.435145e+00  1.441931e-03  2.803219e+01  5.580632e+00  4.838337e-04  1.024409e+02  0.998577363413 -0.000028016342 -0.053322120118  0.000041500978  0.999999967442  0.000251782869  0.053322111328 -0.000253637594  0.998577332064 
0.626953  2.213469e+00  1.668840e-03  4.257915e+01  6.557178e+00  3.261287e-03  1.211225e+02  0.998496181719  0.000025338440 -0.054821295601 -0.000013345543  0.999999975902  0.000219129543  0.054821299832 -0.000218068392  0.998496157995 
0.751953  3.106358e+00  2.029135e-03  5.910656e+01  7.320743e+00  3.752624e-03  1.357448e+02  0.998487953313  0.000198464969 -0.054970607596 -0.000174388995  0.999999886769  0.000442775457  0.054970689247 -0.000432519691  0.998487874864 
0.876953  3.994492e+00  2.018370e-03  7.544400e+01  7.860838e+00  1.211087e-03  1.431175e+02  0.998471050079 -0.000161069089 -0.055276904853  0.000185994714  0.999999883344  0.000445778701  0.055276826603 -0.000455378340  0.998470963559 
1.00195  5.034063e+00  1.840450e-03  9.442383e+01  8.288704e+00 -2.941847e-03  1.475064e+02  0.998439279183 -0.000077690491 -0.055848005768  0.000104039737  0.999999884656  0.000468895493  0.055847962898 -0.000473974090  0.998439172103 
1.12695  6.119193e+00  1.590818e-03  1.139408e+02  8.557037e+00  5.925360e-04  1.506471e+02  0.998403739666 -0.000140211446 -0.056479668578  0.000161873527  0.999999915092  0.000378962942  0.056479610648 -0.000387500582  0.998403677590 
1.25195  7.129789e+00  1.364757e-03  1.319316e+02  8.692715e+00 -2.874259e-03  1.500717e+02  0.998382460008  0.000045719703 -0.056854739979 -0.000025025746  0.999999933187  0.000364691390  0.056854752854 -0.000362678655  0.998382394447 
1.37695  8.254766e+00  1.212072e-03  1.518343e+02  8.751581e+00  1.284126e-03  1.454052e+02  0.998371687714  0.000067855364 -0.057043567263 -0.000046883602  0.999999930827  0.000368982861  0.057043588355 -0.000365707634  0.998371621835 
1.50195  9.381154e+00  1.525698e-03  1.721105e+02  8.712586e+00  5.040760e-03  1.528816e+02  0.998341452054  0.000169304726 -0.057570100278 -0.000156838139  0.999999963266  0.000221064486  0.057570135591 -0.000211668653  0.998341441935 
1.62695  1.039869e+01  2.120919e-03  1.898962e+02  8.636580e+00  8.927838e-03  1.490663e+02  0.998318302367  0.000181598067 -0.057970114557 -0.000162224514  0.999999929413  0.000338904857  0.057970172010 -0.000328930747  0.998318261358 
1.75195  1.150566e+01  2.926658e-03  2.089774e+02  8.515858e+00  5.521267e-03  1.475721e+02  0.998280879711  0.000295750380 -0.058610559926 -0.000275821396  0.999999901370  0.000348113460  0.058610657100 -0.000331348965  0.998280862825 
1.87695  1.259421e+01  3.280978e-03  2.285451e+02  8.348444e+00  9.701868e-04  1.649712e+02  0.998243777635  0.000298590848 -0.059239102432 -0.000285474197  0.999999932829  0.000229881724  0.059239167093 -0.000212566765  0.998243795822 
2.00195  1.356214e+01  3.754085e-03  2.442925e+02  8.139445e+00  8.747174e-03  1.531628e+02  0.998220312169  0.000128389131 -0.059633814975 -0.000122365313  0.999999987036  0.000104665256  0.059633827640 -0.000097181874  0.998220314939 
2.12695  1.459464e+01  4.653579e-03  2.617090e+02  7.813614e+00  6.233789e-03  1.263130e+02  0.998191985787  0.000113600107 -0.060106127850 -0.000111048848  0.999999992786  0.000045786271  0.060106132618 -0.000039028773  0.998191991201 
2.25195  1.557149e+01  5.465319e-03  2.770636e+02  7.257196e+00  6.533163e-03  9.095607e+01  0.998143208234  0.000218711935 -0.060910491889 -0.000211924430  0.999999970594  0.000117894281  0.060910515883 -0.000104766954  0.998143225233 
2.37695  1.638836e+01  6.182773e-03  2.919282e+02  6.614378e+00  5.565511e-03  1.199446e+02  0.998103745662  0.000042021063 -0.061554131701 -0.000041435686  0.999999999083  0.000010786438  0.061554132098 -0.000008215446  0.998103746488 
2.50195  1.719307e+01  7.111318e-03  3.035514e+02  5.781110e+00  6.045128e-03  5.407315e+01  0.998044695929 -0.000133991026 -0.062504135654  0.000135186183  0.999999990751  0.000014892263  0.062504133081 -0.000023312840  0.998044704813 
2.62695  1.789555e+01  7.952937e-03  3.165021e+02  5.088660e+00  9.388504e-03  9.091334e+01  0.997987393730 -0.000392897616 -0.063411415283  0.000391020098  0.999999922669 -0.000042018579  0.063411426888  0.000017138874  0.997987470185 
2.75195  1.846546e+01  9.076302e-03  3.259232e+02  4.604746e+00  9.515302e-03  1.083814e+02  0.997954882940 -0.000258643428 -0.063921707732  0.000244005602  0.999999942193 -0.000236802676  0.063921765285  0.000220721132  0.997954888362 
2.87695  1.903291e+01  1.029751e-02  3.356121e+02  4.174459e+00  8.372245e-03  8.427053e+01  0.997859320938 -0.000347974315 -0.065396135440  0.000314768227  0.999999816262 -0.000518071007  0.065396303700  0.000496377358  0.997859247125 
3.00195  1.955004e+01  1.080153e-02  3.429058e+02  3.824375e+00 -1.572990e-03  6.030457e+01  0.997762592672 -0.000169246140 -0.066856413449  0.000143823900  0.999999915520 -0.000385064318  0.066856472972  0.000374587222  0.997762532723 
3.12695  1.998328e+01  1.061288e-02  3.494357e+02  3.552375e+00  2.380086e-03  6.353641e+01  0.997669652351 -0.000405982074 -0.068228292933  0.000365753774  0.999999751847 -0.000602104068  0.068228520446  0.000575746200  0.997669553266 
3.25195  2.042583e+01  1.146356e-02  3.557587e+02  3.294181e+00  1.034262e-02  1.126763e+00  0.997536945954 -0.000533428853 -0.070140978822  0.000507768914  0.999999797487 -0.000383662931  0.070141169274  0.000347102540  0.997537014798 
3.37695  2.083758e+01  1.272570e-02  3.633566e+02  3.078894e+00  7.270968e-03 -3.170174e+00  0.997404971136 -0.000594915933 -0.071992844291  0.000561880168  0.999999727364 -0.000479126760  0.071993109703  0.000437432061  0.997405033479 
3.50195  2.118896e+01  1.320260e-02  3.666050e+02  2.901707e+00  4.840537e-03 -6.631446e+00  0.997266391493 -0.000542928030 -0.073888088543  0.000501450258  0.999999706126 -0.000579909177  0.073888381678  0.000541272732  0.997266370674 
3.62695  2.155327e+01  1.336686e-02  3.721586e+02  2.741272e+00 -1.930286e-03 -1.154062e+00  0.997056766014 -0.000566038732 -0.076664756866  0.000533552079  0.999999758990 -0.000444231312  0.076664989841  0.000402019195  0.997056827725 
3.75195  2.189789e+01  1.332696e-02  3.777183e+02  2.596846e+00 -2.920466e-03 -4.235296e+00  0.996897916916 -0.000630886295 -0.078702892142  0.000601878275  0.999999741923 -0.000392297326  0.078703119326  0.000343710826  0.996898039356 
3.87695  2.219578e+01  1.270902e-02  3.798794e+02  2.480148e+00 -6.908217e-03 -6.799219e+00  0.996703216280 -0.000726330852 -0.081130580557  0.000694173465  0.999999668931 -0.000424570927  0.081130862076  0.000366852512  0.996703390502 
4.00195  2.250921e+01  1.173702e-02  3.850772e+02  2.370518e+00 -1.016178e-02 -9.381746e+00  0.996422123644 -0.000637570968 -0.084513578882  0.000617280403  0.999999774047 -0.000266217272  0.084513729518  0.000213096203  0.996422292059 
4.12695  2.280912e+01  1.072743e-02  3.895260e+02  2.274089e+00 -3.372593e-03  2.670108e+00  0.996111823853 -0.000762787076 -0.088094565877  0.000740425569  0.999999684840 -0.000286512234  0.088094756661  0.000220170755  0.996112074705 
4.25195  2.307136e+01  1.021949e-02  3.915994e+02  2.195308e+00 -5.522553e-03  6.502829e-01  0.995787528011 -0.000864741260 -0.091686701763  0.000867905263  0.999999623356 -0.000005362810  0.091686671867 -0.000074235152  0.995787903467 
4.37695  2.334998e+01  9.136432e-03  3.943311e+02  2.122787e+00 -5.961314e-03 -1.429932e+00  0.995367250585 -0.000659285516 -0.096143651926  0.000697825591  0.999999689088  0.000367236194  0.096143379920 -0.000432626382  0.995367401180 
4.50195  2.361966e+01  8.445217e-03  3.998734e+02  2.056640e+00 -2.884244e-03 -3.388286e+00  0.994883867379 -0.000856734601 -0.101021564202  0.000888290317  0.999999569723  0.000267383247  0.101021291659 -0.000355751756  0.994884200333 
4.62695  2.385779e+01  7.998688e-03  4.007286e+02  2.002439e+00  1.034142e-04 -5.068623e+00  0.994323238182 -0.000886363098 -0.106397896466  0.000931188842  0.999999497391  0.000371624378  0.106397513595 -0.000468591289  0.994323563798 
4.75195  2.411299e+01  8.113680e-03  4.022760e+02  1.951096e+00 -2.285677e-04 -6.822705e+00  0.993572905334 -0.000702136417 -0.113191822985  0.000718603903  0.999999736325  0.000104681906  0.113191719638 -0.000185349191  0.993573147912 
4.87695  2.436161e+01  8.236476e-03  4.045656e+02  1.903088e+00  4.015197e-03 -8.491301e+00  0.992644267627 -0.000460824172 -0.121066698924  0.000451558585  0.999999892643 -0.000103968157  0.121066733838  0.000048534688  0.992644369148 
5.00195  2.458247e+01  8.986699e-03  4.058996e+02  1.865737e+00  9.041293e-03 -9.948380e+00  0.991634666834 -0.000524485495 -0.129075220117  0.000562532084  0.999999808418  0.000258306133  0.129075059911 -0.000328754269  0.991634771894 
5.12695  2.482064e+01  1.027026e-02  4.120014e+02  1.826876e+00  1.120444e-02 -9.443177e+00  0.990303457538 -0.000444789812 -0.138920351823  0.000457619779  0.999999893467  0.000060413647  0.138920310152 -0.000123400545  0.990303555583 
5.25195  2.505396e+01  1.174921e-02  4.098727e+02  1.790976e+00  1.448913e-02  8.981022e+00  0.988806367364 -0.000448668869 -0.149203775274  0.000459145316  0.999999893953  0.000035769810  0.149203743403 -0.000103875631  0.988806468509 
5.37695  2.526211e+01  1.344582e-02  4.100682e+02  1.758066e+00  1.342027e-02  7.674565e+00  0.987286807273 -0.000496408032 -0.158948148035  0.000501506047  0.999999874214 -0.000008038250  0.158948132031 -0.000071777399  0.987286932037 
5.50195  2.548747e+01  1.519211e-02  4.145652e+02  1.734588e+00  1.369447e-02  6.276220e+00  0.985404278859 -0.000745885194 -0.170228819131  0.000738451648  0.999999721622 -0.000106982897  0.170228851540 -0.000020284348  0.985404555344 
5.62695  2.571027e+01  1.708103e-02  4.145894e+02  1.720126e+00  1.260991e-02  4.915848e+00  0.983184246628 -0.000785499595 -0.182614676775  0.000825942086  0.999999648338  0.000145409608  0.182614498338 -0.000293793583  0.983184549656 
5.75195  2.591102e+01  1.835568e-02  4.161969e+02  1.698946e+00  1.130450e-02  3.704082e+00  0.980758386559 -0.000697442590 -0.195224232023  0.000746448253  0.999999705663  0.000177452357  0.195224050798 -0.000319762674  0.980758618490 
5.87695  2.612885e+01  2.021634e-02  4.169459e+02  1.682549e+00  1.443522e-02  2.392710e+00  0.977256023718 -0.000960123103 -0.212060704211  0.001000738220  0.999999495717  0.000084196810  0.212060516433 -0.000294499091  0.977256491736 
6.00195  2.634451e+01  2.224331e-02  4.178455e+02  1.662130e+00  1.538154e-02  1.097958e+00  0.972740342008 -0.000689796761 -0.231895992225  0.000753346548  0.999999699031  0.000185488436  0.231895794482 -0.000355130129  0.972740568900 
6.12695  2.653895e+01  2.428265e-02  4.167202e+02  1.654664e+00  2.053410e-02 -6.456059e-02  0.967601952584 -0.000798932652 -0.252479351756  0.000905436924  0.999999543381  0.000305649741  0.252478992276 -0.000524351414  0.967602234141 
6.25195  2.675141e+01  2.667370e-02  4.184676e+02  1.641063e+00  2.001227e-02 -1.336634e+00  0.960667343335 -0.000712222498 -0.277700824969  0.000884554809  0.999999486128  0.000495284039  0.277700329514 -0.000721444802  0.960667479675 
6.37695  2.696239e+01  2.917811e-02  4.192744e+02  1.638345e+00  2.083379e-02 -2.603116e+00  0.952306779268 -0.000733718364 -0.305141376771  0.000931288760  0.999999440392  0.000501913728  0.305140837748 -0.000762150580  0.952306929653 
6.50195  2.715404e+01  3.184575e-02  4.174164e+02  1.629020e+00  2.275159e-02 -3.759296e+00  0.943623677301 -0.000686436949 -0.331019462330  0.000917594720  0.999999432103  0.000542045302  0.331018902265 -0.000815228492  0.943623771291 
6.62695  2.736368e+01  3.482110e-02  4.179226e+02  1.624184e+00  2.249916e-02 -5.011879e+00  0.932334603892 -0.000577835814 -0.361596256192  0.000839733906  0.999999486597  0.000567144868  0.361595742830 -0.000832413422  0.932334610456 
6.75195  2.757300e+01  3.802011e-02  4.187016e+02  1.625427e+00  2.244552e-02 -6.249629e+00  0.918760365746 -0.000628356398 -0.394815140925  0.000913128442  0.999999440846  0.000533389308  0.394814585004 -0.000850573890  0.918760425787 
6.87695  2.776324e+01  4.025640e-02  4.174527e+02  1.621621e+00  1.684060e-02 -7.363091e+00  0.903554692575 -0.000383078716 -0.428472602130  0.000720003224  0.999999545939  0.000624272704  0.428472168431 -0.000872566186  0.903554558125 
7.00195  2.797244e+01  4.277049e-02  4.152925e+02  1.620786e+00  1.999147e-02 -8.567769e+00  0.882260628241 -0.000263339374 -0.470761207522  0.000662398890  0.999999548037  0.000682021373  0.470760815153 -0.000913552306  0.882260403928 
7.12695  2.818199e+01  4.561314e-02  4.146875e+02  1.634478e+00  2.183366e-02 -9.741204e+00  0.853002907771 -0.000172385801 -0.521906131040  0.000738115290  0.999999343839  0.000876074783  0.521905637563 -0.001132521232  0.853002475304 
7.25195  2.837466e+01  4.818998e-02  4.140776e+02  1.654053e+00  2.150200e-02  3.693269e+00  0.815027660917 -0.000078195639 -0.579422044649  0.000706859662  0.999999380951  0.000859329724  0.579421618762 -0.001109947565  0.815027211648 
7.37695  2.858944e+01  5.110552e-02  4.142303e+02  1.680500e+00  2.107614e-02  2.603924e+00  0.750986844930  0.000292773261 -0.660317100359  0.000533563332  0.999999306184  0.001050210725  0.660316949693 -0.001141015431  0.750986167670 
7.50195  2.880785e+01  5.400053e-02  4.122416e+02  1.710935e+00  2.257670e-02  1.595010e+00  0.642040744491  0.000802732532 -0.766670097261  0.000203214496  0.999999238543  0.001217217040  0.766670490574 -0.000937301412  0.642040092477 
7.62695  2.901033e+01  5.642426e-02  4.106586e+02  1.748612e+00  1.705162e-02  7.584679e-01  0.467387727250  0.000850312252 -0.884052028664  0.000414122689  0.999999217135  0.001180776034  0.884052340599 -0.000917986230  0.467387009215 
7.75195  2.923807e+01  5.858359e-02  4.090771e+02  1.787777e+00  1.445471e-02 -5.093121e-02  0.120943632770  0.001734240776 -0.992657861552  0.000449461692  0.999998275701  0.001801826576  0.992659274714 -0.000664081133  0.120942644752 
7.87695  2.947076e+01  6.026183e-02  4.107375e+02  1.828891e+00  1.336128e-02 -7.952642e-01 -0.430079087699  0.003275938103 -0.902785271564  0.001155510138  0.999994594705  0.003078206676  0.902790475758  0.000280694785 -0.430080548375 
8.00195  2.968834e+01  6.192214e-02  4.066897e+02  1.895169e+00  1.473357e-02 -1.586223e+00 -0.900377379661  0.005088143332 -0.435080090320  0.003974851984  0.999986083893  0.003468799755  0.435091685449  0.001393849873 -0.900385074530 
8.12695  2.993458e+01  6.337771e-02  4.065519e+02  1.864198e+00  9.506580e-03 -2.580084e+00 -0.935823918889  0.005362966972  0.352427058297  0.005531261871  0.999984562286 -0.000529462807 -0.352424457121  0.001453882391 -0.935839135882 
8.25195  3.016425e+01  6.483939e-02  4.058114e+02  1.679465e+00  9.693294e-03 -3.321611e+00 -0.495112757587  0.003291653851  0.868822491819  0.002993025054  0.999993351458 -0.002082988292 -0.868823571893  0.001569093408 -0.495119317811 
8.37695  3.035161e+01  6.573249e-02  4.019901e+02  1.503433e+00  6.808683e-03 -3.752743e+00 -0.140782701160  0.001878063876  0.990038738601  0.002016046674  0.999996671282 -0.001610273483 -0.990038467237  0.001769265656 -0.140786018799 
8.50195  3.053475e+01  6.661159e-02  4.006796e+02  1.323165e+00  5.543387e-03 -4.128808e+00 -0.086994915575  0.001484290584  0.996207649813  0.001722916623  0.999997618671 -0.001339481848 -0.996207265694  0.001599854610 -0.086997265720 
8.62695  3.069573e+01  6.710689e-02  3.976764e+02  1.164797e+00  4.560326e-03 -4.484365e+00 -0.413326405075  0.002294466289  0.910580044967  0.002554591526  0.999995811942 -0.001360206117 -0.910579352352  0.001763950962 -0.413330535464 
8.75195  3.082551e+01  6.755429e-02  3.969768e+02  1.033084e+00  3.071541e-03 -4.984548e+00 -0.860091187906  0.003882536057  0.510125547684  0.004364867677  0.999990442284 -0.000251535576 -0.510121648645  0.002010286982 -0.860099914155 
8.87695  3.095219e+01  6.820555e-02  3.928886e+02  1.011935e+00  4.808753e-03 -5.825202e+00 -0.958069244088  0.004520871482 -0.286501108643  0.003702457229  0.999987371755  0.003398255582  0.286512853714  0.002195006056 -0.958073883688 
9.00195  3.109622e+01  6.889677e-02  3.929612e+02  1.245482e+00  6.750040e-03 -6.378806e+00 -0.551393469822  0.003266518527 -0.834238917394  0.000862271130  0.999994031632  0.003345622342  0.834244866886  0.001125414178 -0.551392995528 
9.12695  3.125407e+01  6.957713e-02  3.896142e+02  1.465928e+00  5.715879e-03 -6.532192e+00 -0.281239365671  0.002642625025 -0.959634011345  0.000484199314  0.999996471835  0.002611870530  0.959637527793  0.000269906681 -0.281239652969 
9.25195  3.145601e+01  7.027757e-02  3.875149e+02  1.681000e+00  4.716930e-03 -6.639390e+00 -0.418327817913  0.002812636709 -0.908291762505  0.000499023228  0.999995766275  0.002866776526  0.908295980249  0.000745993681 -0.418327450399 
9.37695  3.168439e+01  7.065119e-02  3.845694e+02  1.881004e+00  1.691404e-03 -6.986362e+00 -0.854054434237  0.004052024193 -0.520167861810  0.002309256220  0.999989340692  0.003998229493  0.520178518103  0.002213504757 -0.854054687770 
9.50195  3.191333e+01  7.083225e-02  3.831168e+02  1.960442e+00 -4.338286e-04 -7.653436e+00 -0.981353006607  0.004293582644  0.192166182175  0.004769959541  0.999986590664  0.002016426938 -0.192154947659  0.002895451552 -0.981360327530 
9.62695  3.214134e+01  7.149673e-02  3.789253e+02  1.558536e+00  9.147404e-03 -7.372544e+00 -0.410950320347  0.002295728604  0.911654849072  0.002809339773  0.999995270280 -0.001251810010 -0.911653411016  0.002046716503 -0.410954826149 
9.75195  3.232656e+01  7.291928e-02  3.776917e+02  1.299113e+00  1.424184e-02 -7.316447e+00  0.250456012747  0.000549437631  0.968127824100  0.001506555923  0.999998406957 -0.000957273123 -0.968126807793  0.001698293517  0.250454786001 
9.87695  3.246773e+01  7.479289e-02  3.748740e+02  1.096543e+00  1.802121e-02 -7.329306e+00  0.398722695025  0.000390909464  0.917071458318  0.001310022270  0.999998646084 -0.000995827027 -0.917070605959  0.001598442870  0.398721643088 
10.002  3.259798e+01  7.723603e-02  3.738220e+02  9.174954e-01  1.983477e-02 -7.314248e+00  0.136059121929  0.000826764016  0.990700374382  0.001534346199  0.999998276621 -0.001045244773 -0.990699531201  0.001662292439  0.136057618906 
10.127  3.272943e+01  7.998254e-02  3.721989e+02  1.057982e+00  2.236907e-02 -6.709609e+00 -0.243887933141  0.001988529522  0.969801382665  0.002592751810  0.999995661034 -0.001398410064 -0.969799955510  0.002173398950 -0.243892030683 
10.252  3.284549e+01  8.253883e-02  3.703124e+02  9.094179e-01  2.435674e-02 -6.899488e+00 -0.712181839830  0.004113727897  0.701982980035  0.004583168081  0.999988764770 -0.001210332198 -0.701980072072  0.002355329376 -0.712192692210 
10.377  3.295171e+01  8.546078e-02  3.679369e+02  5.365271e-01  2.369762e-02 -7.037795e+00 -0.996208892681  0.005928730853 -0.086791084182  0.005691809380  0.999979370163  0.002977004224  0.086806943553  0.002471719775 -0.996222086260 
10.502  3.302546e+01  8.826790e-02  3.635086e+02  7.226352e-01  1.893438e-02 -7.493501e+00 -0.841381984628  0.005072583399 -0.540417084150  0.003187956386  0.999985137267  0.004422915201  0.540431487682  0.001998535075 -0.841385650567 
10.627  3.312523e+01  9.051539e-02  3.602960e+02  1.240175e+00  1.338385e-02 -7.371070e+00 -0.704685953621  0.004438714905 -0.709505464799  0.002011624743  0.999988911173  0.004258039062  0.709516497437  0.001573321568 -0.704687068509 
10.752  3.332320e+01  9.175824e-02  3.603438e+02  1.705843e+00  7.711666e-03 -7.146967e+00 -0.093876735752  0.002524494683 -0.995580627278  0.000462583391  0.999996787786  0.002492074159  0.995583720488 -0.000226591276 -0.093877601989 
10.877  3.355812e+01  9.221706e-02  3.557188e+02  1.970577e+00  5.160213e-03 -7.130818e+00  0.053066666078  0.002268764053 -0.998588394516  0.000483621166  0.999997243418  0.002297665358  0.998590854686 -0.000604867924  0.053065422573 
11.002  3.377158e+01  9.252485e-02  3.544209e+02  1.901182e+00 -3.989575e-05 -6.451397e+00  0.432331211261  0.000905035742 -0.901714425237  0.000513048065  0.999999087558  0.001249665722  0.901714733467 -0.001002892336  0.432330352457 
11.127  3.402985e+01  9.261985e-02  3.538836e+02  2.123890e+00 -2.153522e-03 -6.702298e+00  0.581424747827  0.000563308504 -0.813599990965  0.000476734539  0.999999352761  0.001033054827  0.813600046300 -0.000988514859  0.581424102957 
11.252  3.433124e+01  9.202584e-02  3.503766e+02  2.507038e+00 -4.588820e-03 -6.276916e+00  0.829941521674 -0.000151404382 -0.557850381086  0.000688039691  0.999999480380  0.000752223929  0.557849977326 -0.001008125076  0.829941194593 
11.377  3.463521e+01  9.167063e-02  3.490582e+02  2.702912e+00 -2.792563e-03 -6.899574e+00  0.978783380798 -0.000764090184 -0.204896338766  0.000838131941  0.999999611071  0.000274576541  0.204896049275 -0.000440481121  0.978783640529 
11.502  3.497306e+01  9.135041e-02  3.470819e+02  2.505163e+00 -2.786463e-03 -6.781361e+00  0.908061045040 -0.000578663900  0.418837442964  0.000903900834  0.999999424377 -0.000578108698 -0.418836867341  0.000903545503  0.908061045394 
11.627  3.528218e+01  9.111550e-02  3.445251e+02  2.304886e+00  1.433891e-03 -6.573866e+00  0.399414285456  0.001205446599  0.916769750522  0.000882839325  0.999998166122 -0.001699514001 -0.916770117951  0.001488170558  0.399412488764 
11.752  3.554311e+01  9.113369e-02  3.419771e+02  2.119580e+00 -1.854727e-03 -6.375566e+00  0.252461153023  0.001977559398  0.967605010050  0.000886482750  0.999997019129 -0.002275056389 -0.967606624803  0.001432128509  0.252458647397 
11.877  3.580616e+01  9.109613e-02  3.393657e+02  1.987716e+00  5.404882e-03 -5.556106e+00 -0.140186411213  0.003869803733  0.990117566115  0.001138431819  0.999992331155 -0.003747212969 -0.990124474036  0.000601873003 -0.140189741653 
12.002  3.605125e+01  9.246483e-02  3.363722e+02  1.801752e+00  1.380506e-02 -5.726530e+00 -0.315338632202  0.005164420308  0.948965160479  0.001915958633  0.999986618435 -0.004805419224 -0.948977279045  0.000302843666 -0.315344307293 
12.127  3.625477e+01  9.441059e-02  3.347499e+02  1.655660e+00  2.113815e-02 -5.191754e+00 -0.557634064370  0.006481446485  0.830061588742  0.002801645918  0.999978515928 -0.005926083201 -0.830082165231 -0.000979047199 -0.557640242838 
12.252  3.645774e+01  9.722230e-02  3.338333e+02  1.482917e+00  2.617844e-02 -5.634547e+00 -0.702987240599  0.007628868387  0.711161542775  0.004299472363  0.999969781318 -0.006476958275 -0.711189464273 -0.001495599626 -0.702998797360 
12.377  3.664380e+01  1.014676e-01  3.308001e+02  1.371604e+00  3.812519e-02 -5.439960e+00 -0.801765375820  0.008359202091  0.597580459751  0.005525751041  0.999963123135 -0.006574073677 -0.597613376868 -0.001968783805 -0.801782000097 
12.502  3.679628e+01  1.061441e-01  3.279944e+02  1.210089e+00  4.242781e-02 -6.064846e+00 -0.887702618422  0.009028934329  0.460328729921  0.006973734222  0.999956678771 -0.006165031359 -0.460364451579 -0.002262504262 -0.887727127442 
12.627  3.694914e+01  1.125879e-01  3.259780e+02  1.099133e+00  5.712589e-02 -6.048647e+00 -0.908867257937  0.009170809709  0.416984656431  0.007436068260  0.999955621850 -0.005784394507 -0.417019199004 -0.002156520406 -0.908895118857 
12.752  3.708157e+01  1.199288e-01  3.245530e+02  9.727767e-01  6.463838e-02 -5.982196e+00 -0.949386590012  0.009616459021  0.313962778718  0.008363913494  0.999950783235 -0.005336296312 -0.313998642761 -0.002440250638 -0.949420295507 
12.877  3.718608e+01  1.277004e-01  3.223357e+02  7.959743e-01  7.032833e-02 -6.700145e+00 -0.968065241947  0.009779517895  0.250507581451  0.008786700434  0.999948485600 -0.005081342531 -0.250544369784 -0.002717936012 -0.968101302341 
13.002  3.728772e+01  1.369841e-01  3.200564e+02  7.873237e-01  7.457433e-02 -6.568122e+00 -0.991813435896  0.009783529852  0.127320033457  0.009330282582  0.999947836109 -0.004155825800 -0.127354050594 -0.002933871975 -0.991852982146 
13.127  3.738964e+01  1.472820e-01  3.175400e+02  8.568662e-01  8.292768e-02 -6.957979e+00 -0.999940599633  0.009944955106  0.004460389406  0.009931473845  0.999946077443 -0.003034474345 -0.004490326601 -0.002989995856 -0.999985448340 
13.252  3.750113e+01  1.571174e-01  3.165858e+02  1.051971e+00  8.419982e-02 -7.242945e+00 -0.991449436957  0.010235763784 -0.130089365812  0.010558736805  0.999942647101 -0.001793205200  0.130063549985 -0.003151451661 -0.991500651194 
13.377  3.765300e+01  1.687041e-01  3.120114e+02  1.339170e+00  9.488895e-02 -7.190442e+00 -0.974055107453  0.010028346246 -0.226088654991  0.010456390623  0.999945088394 -0.000695767410  0.226069262703 -0.003041787091 -0.974106480829 
13.502  3.784105e+01  1.807746e-01  3.096622e+02  1.606175e+00  9.301121e-02 -7.899136e+00 -0.956480523998  0.010016601211 -0.291624201522  0.010470619667  0.999945181552  0.000003800546  0.291608253204 -0.003049850952 -0.956532971242 
13.627  3.804168e+01  1.913242e-01  3.081339e+02  1.842657e+00  8.812026e-02 -7.708846e+00 -0.916930747748  0.009798926620 -0.398926039351  0.010131161685  0.999947864934  0.001275529906  0.398917740139 -0.002872011614 -0.916982218013 
13.752  3.829452e+01  2.026442e-01  3.056759e+02  2.095283e+00  8.578823e-02 -7.493346e+00 -0.889743546225  0.009408885204 -0.456363774669  0.009661020580  0.999951745912  0.001780598112  0.456358506695 -0.002824664140 -0.889791511895 
13.877  3.857895e+01  2.133226e-01  3.030724e+02  2.341199e+00  7.906210e-02 -8.020411e+00 -0.794776875279  0.008691429390 -0.606839499025  0.008618112462  0.999958258424  0.003034723523  0.606840544673 -0.002817882970 -0.794818603756 
14.002  3.886318e+01  2.222849e-01  3.013108e+02  2.533347e+00  7.512738e-02 -7.624185e+00 -0.645735441379  0.007312582283 -0.763526205109  0.006919134848  0.999969123079  0.003725380844  0.763529871924 -0.002877330330 -0.645766099799 
14.127  3.920273e+01  2.315817e-01  2.981342e+02  2.748016e+00  6.805464e-02 -7.736758e+00 -0.534775482404  0.006447935252 -0.844969589719  0.005835095304  0.999975222444  0.003937786191  0.844974044029 -0.002824646576 -0.534799856292 
14.252  3.956484e+01  2.392827e-01  2.959042e+02  2.907182e+00  5.653417e-02 -7.075865e+00 -0.156443100706  0.003798219715 -0.987679669614  0.003684030767  0.999987893493  0.003262021721  0.987680102138 -0.003128321498 -0.156455199485 
14.377  3.991220e+01  2.457661e-01  2.940766e+02  3.005463e+00  5.454725e-02 -6.260998e+00  0.003181571740  0.002939486760 -0.999990618465  0.002880159510  0.999991505028  0.002948652886  0.999990791099 -0.002889513840  0.003173078522 
14.502  4.030993e+01  2.523880e-01  2.916102e+02  3.174554e+00  5.252057e-02 -6.396670e+00  0.355743863196  0.000993050373 -0.934582964562  0.002322622676  0.999995407981  0.001946648554  0.934580606059 -0.002863191863  0.355739923132 
14.627  4.072403e+01  2.591460e-01  2.899545e+02  3.267165e+00  5.165262e-02 -5.848539e+00  0.680482068390 -0.000413439606 -0.732764616823  0.001791320745  0.999997791360  0.001099292916  0.732762543919 -0.002060665577  0.680481306053 
14.752  4.111528e+01  2.649189e-01  2.880513e+02  3.425020e+00  4.723562e-02 -6.382983e+00  0.935030774636 -0.001407042699 -0.354563775242  0.001669779000  0.999998511282  0.000435053320  0.354562635258 -0.000998831389  0.935031732090 
14.877  4.155807e+01  2.711593e-01  2.854462e+02  3.399259e+00  5.055875e-02 -6.368366e+00  0.931778310534 -0.001297011706  0.363025478141  0.001663114237  0.999998374858 -0.000695940619 -0.363023985530  0.001252215215  0.931778953340 
15.002  4.198136e+01  2.779902e-01  2.834159e+02  3.122535e+00  5.706766e-02 -6.118596e+00  0.538826154334  0.000468210124  0.842416854167  0.002024642455  0.999996237688 -0.001850792351 -0.842414551292  0.002702848252  0.538823179143 
15.127  4.233596e+01  2.843573e-01  2.812870e+02  2.909431e+00  5.028050e-02 -6.373374e+00  0.234467399723  0.002347063432  0.972121149734  0.002407157049  0.999992617933 -0.002994941485 -0.972121002788  0.003042264421  0.234460019118 
15.252  4.269943e+01  2.911795e-01  2.789912e+02  2.712603e+00  5.767515e-02 -5.818242e+00 -0.085551051483  0.004396547253  0.996324087816  0.002740782085  0.999987518764 -0.004177371239 -0.996330018470  0.002373328708 -0.085562033678 
15.377  4.303718e+01  2.990169e-01  2.776375e+02  2.515834e+00  6.697938e-02 -6.028516e+00 -0.448926474647  0.006724556027  0.893543396096  0.004390622446  0.999976211648 -0.005319640239 -0.893557912390  0.001535084352 -0.448945320413 
15.502  4.332499e+01  3.073986e-01  2.747645e+02  2.369504e+00  7.641496e-02 -5.641334e+00 -0.607344478250  0.007979700436  0.794398520341  0.005519698909  0.999967802732 -0.005824639319 -0.794419421756  0.000847278118 -0.607368968961 
15.627  4.361977e+01  3.176210e-01  2.721670e+02  2.213221e+00  8.426927e-02 -5.492883e+00 -0.836538880825  0.010237653425  0.547811912357  0.008645593348  0.999947582937 -0.005484988088 -0.547839351073  0.000147753229 -0.836583542502 
15.752  4.389465e+01  3.288313e-01  2.701800e+02  2.033488e+00  9.027833e-02 -6.210897e+00 -0.902177283802  0.011009973207  0.431224917047  0.009841869143  0.999939365812 -0.004939869593 -0.431253157906 -0.000212578927 -0.902230939730 
15.877  4.412639e+01  3.395635e-01  2.684410e+02  1.920887e+00  9.530406e-02 -6.140435e+00 -0.966528925995  0.011780798030  0.256287042226  0.011226920771  0.999930408305 -0.003624196143 -0.256311902699 -0.000625576088 -0.966593925694 
16.002  4.436501e+01  3.518450e-01  2.671379e+02  1.800806e+00  9.262319e-02 -6.968722e+00 -0.997039465782  0.012280350007  0.075904523431  0.012186269833  0.999924295275 -0.001702512004 -0.075919684544 -0.000772478655 -0.997113636842 
16.127  4.460669e+01  3.636874e-01  2.638225e+02  1.970213e+00  9.102045e-02 -6.908348e+00 -0.988775894839  0.012162216425 -0.148910410235  0.012152624118  0.999925679424  0.000974349178  0.148911193373 -0.000846239263 -0.988850211290 
16.252  4.484900e+01  3.743039e-01  2.624327e+02  2.203557e+00  8.475512e-02 -6.710241e+00 -0.957462896732  0.011754713192 -0.288316888336  0.011391902618  0.999930799048  0.002936268074  0.288331451522 -0.000473110179 -0.957530547936 
16.377  4.514713e+01  3.851125e-01  2.598189e+02  2.446111e+00  8.321446e-02 -7.389468e+00 -0.865996703283  0.010832536205 -0.499932361487  0.009708907503  0.999941111932  0.004848688733  0.499955445032 -0.000654848597 -0.866050878503 
16.502  4.547582e+01  3.953487e-01  2.576952e+02  2.671173e+00  7.456224e-02 -7.139546e+00 -0.713301633458  0.009119222531 -0.700797844950  0.007153850070  0.999957990490  0.005730591960  0.700820663320 -0.000925762106 -0.713336905556 
16.627  4.580025e+01  4.030755e-01  2.559331e+02  2.886180e+00  5.948277e-02 -7.433492e+00 -0.585609588835  0.007943059877 -0.810554327152  0.005591993044  0.999967780559  0.005759119473  0.810573956575 -0.001160018573 -0.585635138357 
16.752  4.618439e+01  4.097971e-01  2.535013e+02  3.099134e+00  4.581236e-02 -6.751091e+00 -0.208380768998  0.005067294637 -0.978034650530  0.003166247302  0.999984833423  0.004506417777  0.978042652439 -0.002157648772 -0.208393652883 
16.877  4.659474e+01  4.154196e-01  2.513182e+02  3.265867e+00  3.921213e-02 -6.004644e+00  0.019744502589  0.003698684206 -0.999798216818  0.002600350174  0.999989584991  0.003750745142  0.999801676732 -0.002673882065  0.019734679075 
17.002  4.698626e+01  4.196216e-01  2.486738e+02  3.428815e+00  3.405401e-02 -6.172448e+00  0.396562518054  0.001453062237 -0.918006567452  0.002050755183  0.999994849882  0.002468726775  0.918005426824 -0.002861611233  0.396557495836 
17.127  4.743652e+01  4.238947e-01  2.469641e+02  3.568583e+00  3.022915e-02 -5.740778e+00  0.727861117000 -0.000545816575 -0.685724358940  0.001961737538  0.999997248486  0.001286314816  0.685721770068 -0.002281469755  0.727860185029 
17.252  4.790768e+01  4.277190e-01  2.445079e+02  3.759140e+00  3.025979e-02 -6.447124e+00  0.994721569782 -0.001611158890 -0.102598259139  0.001616308617  0.999998693230 -0.000032941491  0.102598178141 -0.000133062839  0.994722874039 
17.377  4.834371e+01  4.313941e-01  2.425426e+02  3.627909e+00  3.325763e-02 -6.322678e+00  0.878535593863 -0.001057194031  0.477675719141  0.001680719067  0.999998202185 -0.000877958365 -0.477673932196  0.001574156362  0.878535791264 
17.502  4.879906e+01  4.362137e-01  2.400985e+02  3.421935e+00  3.819110e-02 -6.155584e+00  0.381259835976  0.001807508389  0.924466154267  0.001795412453  0.999994755026 -0.002695628774 -0.924466177838  0.002687533030  0.381254591055 
17.627  4.922763e+01  4.414613e-01  2.383151e+02  3.213624e+00  4.306894e-02 -6.121269e+00  0.158548053236  0.003141557689  0.987346264200  0.001954159018  0.999991981014 -0.003495592914 -0.987349328292  0.002483651057  0.158540642738 
17.752  4.959637e+01  4.469847e-01  2.366222e+02  3.081717e+00  5.512227e-02 -5.559928e+00 -0.214209681234  0.005867513089  0.976770077734  0.003053387403  0.999981094728 -0.005337322609 -0.976782928440  0.001839151276 -0.214223547332 
17.877  4.998364e+01  4.541493e-01  2.333838e+02  2.912615e+00  5.753294e-02 -5.826471e+00 -0.460391653723  0.007514651083  0.887684096513  0.004401118773  0.999971202386 -0.006182600714 -0.887704993416  0.001060385375 -0.460411468414 
18.002  5.035212e+01  4.619935e-01  2.320952e+02  2.787750e+00  6.465668e-02 -5.480410e+00 -0.691311336316  0.009724736230  0.722491567969  0.006827148070  0.999952703274 -0.006926850981 -0.722524758282  0.000143946306 -0.691345031767 
18.127  5.067070e+01  4.699761e-01  2.299504e+02  2.636709e+00  7.254488e-02 -6.039777e+00 -0.846306918298  0.011795783747  0.532564981506  0.009624808365  0.999930200500 -0.006852531855 -0.532608639720 -0.000673509227 -0.846361378656 
18.252  5.100571e+01  4.802708e-01  2.270252e+02  2.520510e+00  8.008433e-02 -5.981677e+00 -0.922990371115  0.012580239174  0.384617358437  0.011147109119  0.999920134243 -0.005955425597 -0.384661561358 -0.001209428818 -0.923056889089 
18.377  5.132091e+01  4.912861e-01  2.250016e+02  2.422737e+00  9.155404e-02 -5.919795e+00 -0.984283908908  0.013102337616  0.176106545631  0.012646040107  0.999913141411 -0.003713125905 -0.176139899894 -0.001427719640 -0.984364108083 
18.502  5.160281e+01  5.024641e-01  2.236821e+02  2.414335e+00  9.818276e-02 -6.693254e+00 -0.999909461306  0.013215716707  0.002532591971  0.013212265127  0.999911769117 -0.001374784033 -0.002550537274 -0.001341198285 -0.999995847965 
18.627  5.192570e+01  5.152438e-01  2.216556e+02  2.652890e+00  1.014687e-01 -6.601337e+00 -0.975766393983  0.013067380394 -0.218424330018  0.013003036730  0.999913956755  0.001732086226  0.218428169910 -0.001150068055 -0.975852351503 
18.752  5.228249e+01  5.283586e-01  2.186757e+02  2.907319e+00  9.866904e-02 -7.293629e+00 -0.929310510238  0.012284550791 -0.369094927321  0.011881200956  0.999923751416  0.003365771504  0.369108131346 -0.001257444170 -0.929385606844 
18.877  5.263583e+01  5.393712e-01  2.166155e+02  3.141799e+00  9.120743e-02 -7.038909e+00 -0.797804428424  0.010638655011 -0.602822455626  0.009294694046  0.999942512763  0.005346010791  0.602844675393 -0.001337979206 -0.797857447895 
19.002  5.305513e+01  5.500851e-01  2.147163e+02  3.383932e+00  6.942393e-02 -6.582775e+00 -0.651527688816  0.009103822913 -0.758570228202  0.007197695658  0.999957166711  0.005818755846  0.758590709067 -0.001668877090 -0.651565308289 
19.127  5.350529e+01  5.587928e-01  2.120899e+02  3.617960e+00  6.280743e-02 -6.819469e+00 -0.375689373220  0.006495936399 -0.926722880725  0.004378252767  0.999976715235  0.005234490489  0.926735305118 -0.002090884566 -0.375709066233 
19.252  5.393930e+01  5.653004e-01  2.106091e+02  3.810717e+00  5.021153e-02 -6.163710e+00 -0.054672851744  0.004073364282 -0.998496012504  0.002785595736  0.999988409785  0.003926926657  0.998500435522 -0.002566709956 -0.054683564820 
19.377  5.444243e+01  5.714871e-01  2.086518e+02  4.008399e+00  4.690907e-02 -6.280779e+00  0.178959265866  0.002457443242 -0.983853414963  0.001989609323  0.999993931878  0.002859661116  0.983854472275 -0.002469246781  0.178953290567 
19.502  5.496757e+01  5.775155e-01  2.057836e+02  4.173703e+00  4.561927e-02 -5.710389e+00  0.645829737581  0.000347189230 -0.763481387799  0.001523752972  0.999997318861  0.001743687931  0.763479946189 -0.002289482553  0.645827476991 
19.627  5.546535e+01  5.827471e-01  2.037294e+02  4.321170e+00  4.486226e-02 -5.508948e+00  0.893286960748 -0.001066936653 -0.449485558615  0.001627084606  0.999998306571  0.000859913312  0.449483879970 -0.001499500382  0.893287184026 
19.752  5.602978e+01  5.887152e-01  2.013300e+02  4.353080e+00  4.634810e-02 -6.194128e+00  0.935003481578 -0.001414929088  0.354635710852  0.001789029394  0.999998135416 -0.000727005923 -0.354634020943  0.001314206780  0.935004269536 
19.877  5.657731e+01  5.949428e-01  1.992297e+02  4.119432e+00  5.371209e-02 -5.859596e+00  0.573654897642  0.000644019597  0.819096846319  0.002136626051  0.999995112182 -0.002282639051 -0.819094312787  0.003059550731  0.573650717692 
20.002  5.705006e+01  6.011695e-01  1.972237e+02  3.937717e+00  5.422946e-02 -6.106041e+00  0.206964275733  0.003329390833  0.978342835476  0.002746724403  0.999988291117 -0.003984110207 -0.978344644834  0.003511806624  0.206952707494 
20.127  5.755007e+01  6.083904e-01  1.951230e+02  3.795867e+00  5.934762e-02 -5.548674e+00 -0.100739347689  0.005973560555  0.994894919276  0.003518801786  0.999977860069 -0.005647778871 -0.994906629720  0.002931884460 -0.100758137102 
20.252  5.802947e+01  6.163517e-01  1.931245e+02  3.630136e+00  6.383297e-02 -5.788442e+00 -0.511078460317  0.009652289836  0.859479866374  0.006129220748  0.999952447642 -0.007585190065 -0.859512210532  0.001391314570 -0.511113318346 
20.377  5.845118e+01  6.249549e-01  1.915908e+02  3.523518e+00  7.974424e-02 -5.411320e+00 -0.669495409898  0.011149323551  0.742732514914  0.007915579125  0.999937660287 -0.007875223579 -0.742774016598  0.000606731953 -0.669541927099 
20.502  5.889589e+01  6.359467e-01  1.896622e+02  3.399800e+00  9.641492e-02 -5.250757e+00 -0.881456516844  0.013932084171  0.472059642359  0.012044449674  0.999902817528 -0.007020450939 -0.472111575949 -0.000502523626 -0.881538659008 
20.627  5.932465e+01  6.486719e-01  1.868999e+02  3.233000e+00  1.045072e-01 -6.023275e+00 -0.952296166650  0.015293189808  0.304791944332  0.014320906185  0.999882730857 -0.005425511915 -0.304839175025 -0.000801797358 -0.952403504031 
20.752  5.969940e+01  6.613796e-01  1.848269e+02  3.203009e+00  1.118189e-01 -5.903098e+00 -0.997386733541  0.015995409854  0.070454599711  0.015881897249  0.999871517667 -0.002171059201 -0.070480274522 -0.001046432932 -0.997512624422 
20.877  6.011697e+01  6.761274e-01  1.822943e+02  3.326563e+00  1.174008e-01 -6.752258e+00 -0.988342401661  0.015836872628 -0.151421565649  0.015808255027  0.999874071573  0.001392863530  0.151424555972 -0.001017084640 -0.988468294579 
21.002  6.056418e+01  6.902006e-01  1.804147e+02  3.609301e+00  1.039244e-01 -6.699581e+00 -0.908314307022  0.014786263861 -0.418026896336  0.013818923515  0.999890249086  0.005341080056  0.418059992121 -0.000925302278 -0.908418948946 
