0.00195312  0.000000e+00  0.000000e+00  0.000000e+00  0.000000e+00  0.000000e+00  0.000000e+00  0.998750260395  0.000000000000 -0.049979169271  0.000000000000  1.000000000000  0.000000000000  0.049979169271 -0.000000000000  0.998750260395 
0.125168  8.008100e-02 -1.953374e-04  1.046288e+00  1.512526e+00 -5.359709e-03  2.199727e+01  0.998749305539  0.000098168523 -0.049998150457 -0.000095343251  0.999999993721  0.000058892522  0.049998155924 -0.000054051879  0.998749308627 
0.250004  3.750427e-01 -1.356283e-03  3.998180e+00  3.085864e+00 -1.102644e-02  3.163137e+01  0.998703333216  0.000023756636 -0.050908267095 -0.000011622572  0.999999971456  0.000238647561  0.050908271311 -0.000237746429  0.998703304985 
0.375002  8.188210e-01 -3.224557e-03  8.910989e+00  4.367457e+00 -2.150318e-02  5.288827e+01  0.998593191842  0.000076833005 -0.053024817805 -0.000047169983  0.999999841713  0.000560668936  0.053024852489 -0.000557379003  0.998593037402 
0.500008  1.462474e+00 -6.925375e-03  1.610148e+01  5.550147e+00 -3.461220e-02  6.543102e+01  0.998536817382 -0.000000600563 -0.054076097602  0.000032722711  0.999999823562  0.000593132095  0.054076087704 -0.000594033750  0.998536641222 
0.625002  2.175041e+00 -1.153963e-02  2.484493e+01  6.307635e+00 -4.654428e-02  7.736831e+01  0.998551762791 -0.000032848658 -0.053799404714  0.000055500692  0.999999910448  0.000419552197  0.053799386115 -0.000421930490  0.998551675192 
0.750033  3.029687e+00 -1.785132e-02  3.611647e+01  6.812169e+00 -5.210825e-02  9.432861e+01  0.998503839067 -0.000027977824 -0.054681647617  0.000054155410  0.999999884652  0.000477245387  0.054681627958 -0.000479492658  0.998503725407 
0.875002  3.858363e+00 -2.420646e-02  4.825337e+01  6.916296e+00 -5.282468e-02  9.733987e+01  0.998496596917 -0.000010143932 -0.054813737718  0.000040360705  0.999999847850  0.000550155803  0.054813723797 -0.000551541018  0.998496445405 
1.00004  4.794021e+00 -3.132155e-02  6.378752e+01  7.929551e+00 -5.714673e-02  1.290032e+02  0.998495725513 -0.000088004152 -0.054829539362  0.000110360958  0.999999912010  0.000404723463  0.054829498920 -0.000410165689  0.998495647368 
1.12504  5.817784e+00 -3.914987e-02  8.015538e+01  9.123120e+00 -7.200424e-02  1.472244e+02  0.998459939712  0.000203091079 -0.055477090272 -0.000171636980  0.999999821828  0.000571738597  0.055477196502 -0.000561336165  0.998459796672 
1.25002  7.053903e+00 -4.908198e-02  1.004595e+02  9.821333e+00 -7.928554e-02  1.641958e+02  0.998436151806  0.000249716014 -0.055903384586 -0.000218721188  0.999999818970  0.000560553323  0.055903514445 -0.000547449448  0.998436025678 
1.37501  8.247459e+00 -5.893140e-02  1.213693e+02  9.972474e+00 -8.112029e-02  1.738534e+02  0.998431259523  0.000202691139 -0.055990882498 -0.000182487182  0.999999916387  0.000365956279  0.055990951992 -0.000355164570  0.998431213030 
1.50001  9.538358e+00 -6.937542e-02  1.458205e+02  9.788795e+00 -7.563767e-02  1.937073e+02  0.998435707191  0.000214157933 -0.055911472368 -0.000181659474  0.999999811608  0.000586330253  0.055911587402 -0.000575256212  0.998435557998 
1.62505  1.070241e+01 -7.829344e-02  1.698562e+02  9.537667e+00 -7.464173e-02  2.097728e+02  0.998413122362  0.000394903687 -0.056312353409 -0.000374336251  0.999999859329  0.000375786219  0.056312493887 -0.000354110137  0.998413129741 
1.75005  1.183754e+01 -8.748682e-02  1.952570e+02  9.178915e+00 -7.664679e-02  2.012243e+02  0.998405838080  0.000297560178 -0.056441952001 -0.000279847110  0.999999909087  0.000321731657  0.056442042604 -0.000305423648  0.998405830583 
1.87529  1.299666e+01 -9.728895e-02  2.246739e+02  8.410125e+00 -7.277416e-02  2.303863e+02  0.998389687873  0.000262100351 -0.056727087462 -0.000255136860  0.999999959003  0.000129996625  0.056727119208 -0.000115314119  0.998389713814 
2.00003  1.399862e+01 -1.064260e-01  2.535618e+02  7.683343e+00 -7.298673e-02  2.160631e+02  0.998425828739  0.000093241958 -0.056087929289 -0.000094730367  0.999999995228 -0.000023878370  0.056087926795  0.000029154012  0.998425832808 
2.12507  1.490314e+01 -1.154254e-01  2.842079e+02  7.334831e+00 -7.558990e-02  2.396562e+02  0.998438867642  0.000050372275 -0.055855394058 -0.000043451228  0.999999991228  0.000125124535  0.055855399871 -0.000122502214  0.998438861072 
2.25001  1.585875e+01 -1.255943e-01  3.161521e+02  7.093320e+00 -7.719269e-02  2.239398e+02  0.998424734711  0.000049267410 -0.056107456635 -0.000027023371  0.999999920746  0.000397212885  0.056107471758 -0.000395070957  0.998424656913 
2.37502  1.664013e+01 -1.345955e-01  3.464466e+02  6.062652e+00 -7.136987e-02  2.896461e+02  0.998435845407  0.000161372497 -0.055909181400 -0.000124531514  0.999999772841  0.000662426676  0.055909275597 -0.000654428083  0.998435638700 
2.50001  1.742779e+01 -1.439555e-01  3.659033e+02  6.329077e+00 -7.353777e-02  9.698803e+01  0.998453699639  0.000182115415 -0.055589356103 -0.000146217785  0.999999778170  0.000649831000  0.055589462116 -0.000640698013  0.998453504780 
2.625  1.829016e+01 -1.535925e-01  3.756962e+02  9.530635e+00 -9.781095e-02  6.081043e+01  0.998472005748  0.000075925104 -0.055259822420 -0.000050930643  0.999999895774  0.000453716162  0.055259851109 -0.000450208468  0.998471905548 
2.75  2.076911e+01 -1.763191e-01  3.755629e+02  3.248908e+01 -2.770751e-01  1.302721e+02  0.998448347664  0.000111460442 -0.055685587218 -0.000090841713  0.999999926383  0.000372801592  0.055685624671 -0.000367164559  0.998448284287 
2.875  2.602768e+01 -2.202798e-01  3.768801e+02  5.741454e+01 -4.777464e-01  1.278539e+02  0.998444147942  0.000125580188 -0.055760807647 -0.000097745606  0.999999869268  0.000501905264  0.055760863387 -0.000495674000  0.998444029689 
3  3.514876e+01 -2.952348e-01  3.767622e+02  8.511111e+01 -6.792046e-01  1.450271e+02  0.998415255425  0.000126253864 -0.056275765608 -0.000109955771  0.999999951116  0.000292707499  0.056275799813 -0.000286055787  0.998415220501 
3.125  4.678137e+01 -3.838788e-01  3.783945e+02  1.109422e+02 -8.019830e-01  1.351997e+02  0.998462783331  0.000148968194 -0.055426059855 -0.000136457302  0.999999964353  0.000229506675  0.055426092069 -0.000221590583  0.998462768067 
3.25  6.288523e+01 -4.929845e-01  3.782365e+02  1.390114e+02 -8.499228e-01  1.441402e+02  0.998409107835  0.000143645180 -0.056384685498 -0.000143940495  0.999999989640 -0.000001176261  0.056384684745  0.000009290429  0.998409118167 
3.375  8.100054e+01 -5.927149e-01  3.766673e+02  1.651164e+02 -7.908289e-01  1.259495e+02  0.998443349035  0.000468610433 -0.055773283677 -0.000483218999  0.999999852388 -0.000248442094  0.055773159022  0.000275006066  0.998443428094 
3.5  1.041744e+02 -6.850690e-01  3.793708e+02  1.936686e+02 -6.192632e-01  2.104119e+02  0.998398991371  0.000388849422 -0.056562379951 -0.000403906714  0.999999885975 -0.000254774961  0.056562274432  0.000277212989  0.998399034587 
3.625  1.288694e+02 -7.519256e-01  3.784159e+02  2.201576e+02 -4.889391e-01  2.013995e+02  0.998376171609  0.000560988891 -0.056962314347 -0.000571347634  0.999999823075 -0.000165566861  0.056962211388  0.000197843292  0.998376315490 
3.75  1.592294e+02 -8.093981e-01  3.764024e+02  2.492218e+02 -4.124632e-01  1.836537e+02  0.998385514184  0.000627248328 -0.056797637516 -0.000624191407  0.999999802632  0.000071561867  0.056797671193 -0.000035993735  0.998385708657 
3.875  1.906192e+02 -8.613405e-01  3.778904e+02  2.762181e+02 -4.627474e-01  1.228079e+02  0.998290313305  0.000587713268 -0.058447454639 -0.000577768670  0.999999815599  0.000187044809  0.058447553790 -0.000152955913  0.998290468782 
4  2.282999e+02 -9.261325e-01  3.772282e+02  3.057717e+02 -5.218448e-01  1.453056e+02  0.998354753392  0.000632373509 -0.057335734789 -0.000630410419  0.999999799922  0.000052325898  0.057335756407 -0.000016094765  0.998354952298 
4.125  2.665435e+02 -9.888243e-01  3.777609e+02  3.333424e+02 -5.220593e-01  1.816106e+02  0.998213017050  0.000725272440 -0.059751540334 -0.000720931821  0.999999735692  0.000094202097  0.059751592863 -0.000050956973  0.998213276086 
4.25  3.117369e+02 -1.055938e+00  3.764805e+02  3.635832e+02 -4.929682e-01  1.750566e+02  0.998237967577  0.000644067554 -0.059334182931 -0.000653326555  0.999999777246 -0.000136649087  0.059334081703  0.000175172904  0.998238166002 
4.375  3.569684e+02 -1.109830e+00  3.770001e+02  3.919322e+02 -3.867666e-01  1.884551e+02  0.998200968467  0.000407276371 -0.059955489141 -0.000424837366  0.999999870514 -0.000280153706  0.059955367278  0.000305121033  0.998201012239 
4.5  4.098220e+02 -1.152369e+00  3.758301e+02  4.228255e+02 -2.693021e-01  1.522787e+02  0.998106606871  0.000204770875 -0.061507392959 -0.000213565336  0.999999967891 -0.000136408062  0.061507363052  0.000149285635  0.998106618555 
4.625  4.622074e+02 -1.182250e+00  3.769371e+02  4.518940e+02 -2.352178e-01  1.777936e+02  0.998206020260  0.000266102498 -0.059872116267 -0.000272794954  0.999999957424 -0.000103605470  0.059872086148  0.000119752415  0.998206050352 
4.75  5.229135e+02 -1.206949e+00  3.767806e+02  4.837043e+02 -1.083036e-01  1.794232e+02  0.997987661789  0.000405061334 -0.063407119815 -0.000425490130  0.999999861837 -0.000308681767  0.063406986019  0.000335039699  0.997987696253 
4.875  5.826567e+02 -1.212464e+00  3.766625e+02  5.135810e+02  1.574522e-02  1.554439e+02  0.998165709248  0.000610368481 -0.060537957773 -0.000624088947  0.999999783680 -0.000207734742  0.060537817883  0.000245134767  0.998165874249 
5  6.514548e+02 -1.204685e+00  3.770436e+02  5.465432e+02  1.279688e-01  1.589999e+02  0.997950310244  0.000456076217 -0.063991954799 -0.000478235164  0.999999830878 -0.000330960201  0.063991793033  0.000360885038  0.997950359580 
5.125  7.187965e+02 -1.179030e+00  3.789319e+02  5.773045e+02  3.171969e-01  1.655348e+02  0.997999665649  0.000405485235 -0.063217900525 -0.000430657691  0.999999833324 -0.000384559827  0.063217734055  0.000411015854  0.997999673931 
5.25  7.959598e+02 -1.127017e+00  3.767156e+02  6.114048e+02  4.892419e-01  1.589321e+02  0.997992410134  0.000436325190 -0.063332131928 -0.000454924985  0.999999857527 -0.000279266680  0.063332001054  0.000307517396  0.997992466442 
5.375  8.711414e+02 -1.061703e+00  3.755097e+02  6.430789e+02  6.291189e-01  1.441507e+02  0.997713326606  0.000495576442 -0.067586036409 -0.000523800783  0.999999782862 -0.000399885663  0.067585823560  0.000434372874  0.997713369548 
5.5  9.569452e+02 -9.679141e-01  3.770350e+02  6.783997e+02  8.276444e-01  1.839698e+02  0.997968358067  0.000367743009 -0.063710447035 -0.000395778432  0.999999830334 -0.000427424500  0.063710279044  0.000451771347  0.997968334291 
5.625  1.040240e+03 -8.580917e-01  3.760924e+02  7.113217e+02  1.007000e+00  1.735232e+02  0.997420947564  0.000504045466 -0.071771855893 -0.000528309199  0.999999809537 -0.000319084562  0.071771681390  0.000356179358  0.997421023884 
5.75  1.135003e+03 -7.160348e-01  3.750308e+02  7.478644e+02  1.205113e+00  1.149906e+02  0.997717482718  0.000668973994 -0.067523160126 -0.000694504161  0.999999695954 -0.000354621324  0.067522902364  0.000400707011  0.997717643971 
5.875  1.226739e+03 -5.632759e-01  3.770420e+02  7.825433e+02  1.345469e+00  2.333637e+02  0.997309360271  0.000596846275 -0.073305413790 -0.000620171494  0.999999764054 -0.000295431128  0.073305220167  0.000340098157  0.997309495106 
6  1.330845e+03 -3.768750e-01  3.753506e+02  8.203863e+02  1.545678e+00  9.154232e+01  0.997276348978  0.000498711811 -0.073753881632 -0.000536867779  0.999999732125 -0.000497517684  0.073753613757  0.000535758702  0.997276349574 
6.125  1.431382e+03 -1.769917e-01  3.781197e+02  8.567323e+02  1.824092e+00  1.277564e+02  0.997409909049  0.000566333032 -0.071924631376 -0.000624806700  0.999999492372 -0.000790489273  0.071924147185  0.000833380826  0.997409756584 
6.25  1.545227e+03  8.500806e-02  3.753170e+02  8.962066e+02  2.255822e+00  1.460995e+02  0.996792737874  0.000371892703 -0.080025617258 -0.000457277120  0.999999345626 -0.001048639871  0.080025174910  0.001081870492  0.996792255657 
6.375  1.654960e+03  3.799346e-01  3.755498e+02  9.341827e+02  2.685481e+00  1.376019e+02  0.997559561312  0.000467438828 -0.069819074305 -0.000526289376  0.999999521603 -0.000824508138  0.069818655496  0.000859241014  0.997559330090 
6.5  1.778991e+03  7.550267e-01  3.772970e+02  9.757827e+02  3.124147e+00  1.990718e+02  0.996519995305  0.000344226626 -0.083353347052 -0.000415027414  0.999999567698 -0.000832079842  0.083353024594  0.000863778124  0.996519707371 
6.625  1.898375e+03  1.152261e+00  3.754545e+02  1.015444e+03  3.533311e+00  1.383694e+02  0.997387712356  0.000180303367 -0.072233778325 -0.000254860114  0.999999444316 -0.001022943579  0.072233553746  0.001038680866  0.997387204076 
6.75  2.033150e+03  1.642491e+00  3.754052e+02  1.059969e+03  4.048320e+00  1.657523e+02  0.996634844594 -0.000003576825 -0.081969424356 -0.000097258678  0.999999243527 -0.001226167083  0.081969366734  0.001230013078  0.996634090319 
6.875  2.162751e+03  2.160686e+00  3.742433e+02  1.101549e+03  4.642486e+00  1.877415e+02  0.996674765403 -0.000204716061 -0.081482329989  0.000091654581  0.999999027947 -0.001391296168  0.081482535605  0.001379201553  0.996673815345 
7  2.308949e+03  2.804453e+00  3.749299e+02  1.149520e+03  5.292097e+00  1.567645e+02  0.996888353322 -0.000381732835 -0.078825537047  0.000286558062  0.999999216305 -0.001218718516  0.078825940497  0.001192338202  0.996887681454 
7.125  2.449454e+03  3.468536e+00  3.752906e+02  1.193778e+03  5.799333e+00  1.145955e+02  0.995427563152 -0.000380854387 -0.095518696953  0.000275172209  0.999999335418 -0.001119572772  0.095519059868  0.001088169506  0.995427006409 
7.25  2.595452e+03  4.194482e+00  3.745030e+02  1.241350e+03  6.344595e+00  1.592651e+02  0.996218529139 -0.000536577212 -0.086881265442  0.000426641868  0.999999084769 -0.001283915305  0.086881874846  0.001241993031  0.996217846295 
7.375  2.760044e+03  5.056681e+00  3.765475e+02  1.292774e+03  6.953830e+00  1.541081e+02  0.994101769514 -0.000641596280 -0.108449343953  0.000489400527  0.999998857805 -0.001429991293  0.108450137559  0.001368481708  0.994100948054 
7.5  2.918110e+03  5.926206e+00  3.741710e+02  1.343600e+03  7.563809e+00  1.165942e+02  0.996559634682 -0.000486587147 -0.082877365761  0.000367097780  0.999998871204 -0.001456993309  0.082877981164  0.001421556623  0.996558688395 
7.625  3.096240e+03  6.952720e+00  3.750158e+02  1.399478e+03  8.281596e+00  1.458939e+02  0.993460458684 -0.000311709086 -0.114176266659  0.000142870966  0.999998884313 -0.001486929711  0.114176602764  0.001460893399  0.993459394828 
7.75  3.267296e+03  7.982025e+00  3.736913e+02  1.453474e+03  8.894363e+00  1.272377e+02  0.996175116886 -0.000395305619 -0.087378373934  0.000286367279  0.999999166111 -0.001259274205  0.087378798868  0.001229435321  0.996174399389 
7.875  3.460052e+03  9.174390e+00  3.760263e+02  1.515078e+03  9.479418e+00  2.206608e+02  0.993881884493 -0.000383622252 -0.110447510205  0.000248519739  0.999999204044 -0.001236991947  0.110447896832  0.001201975501  0.993881188745 
8  3.645184e+03  1.034388e+01  3.745686e+02  1.572513e+03  1.002749e+01  1.396159e+02  0.994537059631 -0.000324816896 -0.104383578762  0.000202484710  0.999999280295 -0.001182543414  0.104383887746  0.001154947171  0.994536409628 
8.125  3.853830e+03  1.167759e+01  3.763735e+02  1.640378e+03  1.050600e+01  2.223876e+02  0.994841177949 -0.000228321654 -0.101444460304  0.000117276162  0.999999387456 -0.001100605771  0.101444649457  0.001083030925  0.994840595342 
8.25  4.054261e+03  1.296444e+01  3.726852e+02  1.702321e+03  1.093876e+01  1.533845e+02  0.991214313801 -0.000302828361 -0.132265235082  0.000179304631  0.999999536639 -0.000945818485  0.132265460216  0.000913793051  0.991213908809 
8.375  4.280236e+03  1.441680e+01  3.739829e+02  1.776572e+03  1.144544e+01  1.502628e+02  0.995272427202 -0.000540244894 -0.097121077972  0.000424938999  0.999999180179 -0.001207918861  0.097121650922  0.001160937803  0.995271840828 
8.5  4.497367e+03  1.582160e+01  3.731080e+02  1.844740e+03  1.199732e+01  1.414915e+02  0.986952639778 -0.000395961653 -0.161010341434  0.000177532931  0.999999044424 -0.001370996909  0.161010730438  0.001324524381  0.986951766967 
8.625  4.742298e+03  1.742150e+01  3.741511e+02  1.925235e+03  1.265469e+01  1.872199e+02  0.994652580292 -0.000072968776 -0.103277486390 -0.000064864240  0.999999111809 -0.001331230064  0.103277491798  0.001330810434  0.994651692117 
8.75  4.977220e+03  1.897609e+01  3.750356e+02  1.986694e+03  1.322515e+01  1.459196e+02  0.992584926873 -0.000232572014 -0.121552905580  0.000067379346  0.999999068672 -0.001363127222  0.121553109400  0.001344829378  0.992584018121 
8.875  5.238994e+03  2.072300e+01  3.776980e+02  2.041411e+03  1.365256e+01  1.671758e+02  0.988468397942 -0.000231208246 -0.151427120467  0.000041386509  0.999999209493 -0.001256702277  0.151427291323  0.001235943446  0.988467626120 
9  5.487105e+03  2.238633e+01  3.807693e+02  2.098680e+03  1.411227e+01  1.812649e+02  0.982335001044 -0.000414768892 -0.187130365497  0.000203722010  0.999999321402 -0.001147036443  0.187130714266  0.001088651471  0.982334418931 
9.125  5.764459e+03  2.425325e+01  3.822882e+02  2.168509e+03  1.463319e+01  1.300737e+02  0.979394155406 -0.000441621186 -0.201957652311  0.000206912274  0.999999278519 -0.001183278733  0.201958029163  0.001117108758  0.979393540169 
9.25  6.028644e+03  2.603655e+01  3.836636e+02  2.234402e+03  1.508782e+01  1.910312e+02  0.990127998249 -0.000566602331 -0.140164995791  0.000414150453  0.999999290589 -0.001116826411  0.140165529153  0.001047751702  0.990127530500 
9.375  6.323979e+03  2.802804e+01  3.833897e+02  2.311180e+03  1.556244e+01  9.547885e+01  0.993749482778 -0.000413671585 -0.111632407280  0.000299679981  0.999999416466 -0.001037911133  0.111632771493  0.000997969654  0.993749026860 
9.5  6.605448e+03  2.992032e+01  3.870835e+02  2.383517e+03  1.597280e+01  1.620515e+02  0.977952772265 -0.000670097595 -0.208825109096  0.000468483513  0.999999375222 -0.001014927882  0.208825658727  0.000894720415  0.977952475191 
9.625  6.920498e+03  3.202928e+01  3.857552e+02  2.463210e+03  1.650247e+01  9.359551e+01  0.976124160479 -0.000701892594 -0.217212178932  0.000451492065  0.999999175173 -0.001202417395  0.217212843737  0.001075639095  0.976123672244 
9.75  7.221266e+03  3.404090e+01  3.853135e+02  2.555723e+03  1.703346e+01  1.960890e+02  0.989337161678 -0.000487258522 -0.145642518180  0.000313917965  0.999999214851 -0.001213158309  0.145642994951  0.001154502795  0.989336537860 
9.875  7.559550e+03  3.629609e+01  3.858040e+02  2.651834e+03  1.769565e+01  2.354346e+02  0.970205185517 -0.000563379000 -0.242284090688  0.000294604368  0.999999300445 -0.001145563954  0.242284566584  0.001040054137  0.970204672779 
10  7.884070e+03  3.845255e+01  3.819215e+02  2.762375e+03  1.824687e+01  1.014071e+02  0.989933991135 -0.000437748928 -0.141529154494  0.000264386398  0.999999191622 -0.001243726018  0.141529584525  0.001193788277  0.989933306629 
10.125  8.249582e+03  4.086393e+01  3.804278e+02  2.862809e+03  1.882224e+01  1.406367e+02  0.969506316411 -0.000846363511 -0.245064861021  0.000618184499  0.999999300876 -0.001008015352  0.245065542838  0.000825781952  0.969506161815 
10.25  8.600095e+03  4.314907e+01  3.804208e+02  2.981421e+03  1.927121e+01  1.718091e+02  0.968998305896 -0.000953691319 -0.247065525000  0.000735301269  0.999999253184 -0.000976198210  0.247066271480  0.000764266818  0.968998283483 
10.375  8.994837e+03  4.568372e+01  3.744499e+02  3.099462e+03  1.972060e+01  1.390357e+02  0.999514427723 -0.000707325933 -0.031151379795  0.000667491974  0.999998946334 -0.001289102757  0.031152258788  0.001267683508  0.999513846703 
10.5  9.372999e+03  4.807995e+01  3.730157e+02  3.213298e+03  2.019364e+01  1.557144e+02  0.998617160103 -0.000890082628 -0.052564011459  0.000824559791  0.999998855875 -0.001268207110  0.052565080128  0.001223111212  0.998616751487 
10.625  9.797996e+03  5.073895e+01  3.718453e+02  3.334671e+03  2.071527e+01  1.302032e+02  0.983432856780 -0.001270848015 -0.181268312592  0.001033632608  0.999998481454 -0.001403101363  0.181269820456  0.001192491143  0.983432676982 
10.75  1.020417e+04  5.325979e+01  3.714490e+02  3.435429e+03  2.131472e+01  1.317922e+02  0.956213084993 -0.001598397273 -0.292667014225  0.001273868674  0.999998344349 -0.001299445149  0.292668606700  0.000869727113  0.956213537986 
10.875  1.065014e+04  5.611579e+01  3.687864e+02  3.374090e+03  2.400556e+01  1.439573e+02 -0.926684051691  0.006910983280 -0.375777735704  0.011971853307  0.999866340812 -0.011134416884  0.375650559788 -0.014816842479 -0.926642929132 
11  1.106136e+04  5.908694e+01  3.682850e+02  3.474265e+03  2.605635e+01  1.782339e+02 -0.662769348421  0.014452383835 -0.748684125246  0.021157633673  0.999775989907  0.000569686544  0.748524645774 -0.015462813679 -0.662926659641 
11.125  1.151591e+04  6.296862e+01  3.663849e+02  3.546162e+03  3.647107e+01  1.812045e+02 -0.950035569583  0.043480302293 -0.309098495370  0.053691123998  0.998254508591 -0.024600798401  0.307489316451 -0.039967479164 -0.950711796959 
11.25  1.194531e+04  6.848403e+01  3.623450e+02  3.619151e+03  5.927816e+01  8.127131e+01 -0.969461229992  0.059542222114  0.237906803870  0.042862158030  0.996285660235 -0.074684125620 -0.241469995964 -0.062206165260 -0.968412429728 
11.375  1.241952e+04  7.852119e+01  3.612190e+02  3.689628e+03  9.799651e+01  2.303141e+02 -0.982868318105  0.064007796087  0.172837702210  0.049979254303  0.995183148770 -0.084336080912 -0.177403335381 -0.074252962529 -0.981333049556 
11.5  1.286611e+04  9.249100e+01  3.607548e+02  3.760633e+03  1.376460e+02  2.069232e+02 -0.983784258914  0.064987131082  0.167168192867  0.050836372517  0.994859261477 -0.087582607194 -0.172000567272 -0.077664165786 -0.982030591280 
11.625  1.336084e+04  1.129818e+02  3.544743e+02  3.853781e+03  1.805126e+02  1.417539e+02 -0.974333250219  0.064826952412  0.215574079514  0.046264307266  0.994860234527 -0.090070681301 -0.220305087073 -0.077785474208 -0.972324579866 
11.75  1.382896e+04  1.368202e+02  3.541608e+02  3.949673e+03  2.195844e+02  9.465422e+01 -0.963188583721  0.064093225304  0.261074339337  0.041526857330  0.994979262097 -0.091059256075 -0.265599834921 -0.076865639051 -0.961014256514 
11.875  1.434985e+04  1.678842e+02  3.524117e+02  4.065708e+03  2.609514e+02  1.695461e+02 -0.957670901816  0.064078846955  0.280642735856  0.039838497076  0.995030944745 -0.091248633691 -0.285095313828 -0.076205776504 -0.955464987145 
12  1.484456e+04  2.012949e+02  3.499059e+02  4.182202e+03  2.983726e+02  1.515364e+02 -0.952229645845  0.064042516634  0.298592125879  0.038207637759  0.995064786671 -0.091576452996 -0.302983296554 -0.075793313621 -0.949977102682 
12.125  1.539683e+04  2.425228e+02  3.465707e+02  4.317803e+03  3.382053e+02  8.776392e+01 -0.947105093657  0.063748200420  0.314528390630  0.036513177735  0.995113330769 -0.091740104524 -0.318839660991 -0.075403089258 -0.944804553709 
12.25  1.592276e+04  2.851399e+02  3.469412e+02  4.451438e+03  3.742540e+02  1.541600e+02 -0.942377163315  0.063415762797  0.328487021192  0.034958488782  0.995160912880 -0.091829524328 -0.332720883211 -0.075054636800 -0.940033837354 
12.375  1.646518e+04  3.320522e+02  3.448206e+02  4.593013e+03  4.096864e+02  1.343073e+02 -0.936541994485  0.063130302658  0.344824096393  0.033259771190  0.995215376208 -0.091870248614 -0.348974039417 -0.074571575324 -0.934160692797 
12.5  1.707252e+04  3.876332e+02  3.419806e+02  4.755205e+03  4.473363e+02  1.169263e+02 -0.930722827552  0.062751562882  0.360301623129  0.031517701270  0.995267117336 -0.091923879683 -0.364364724940 -0.074199774293 -0.928295610630 
12.625  1.765230e+04  4.432513e+02  3.401645e+02  4.912531e+03  4.814543e+02  8.239518e+01 -0.925760631644  0.062539611271  0.372902198866  0.030179185462  0.995301553862 -0.092000182850 -0.376903793642 -0.073916262768 -0.923298389707 
12.75  1.830220e+04  5.080927e+02  3.374042e+02  5.091102e+03  5.177635e+02  1.275670e+02 -0.922840004850  0.062090266676  0.380146187977  0.029133479296  0.995346733130 -0.091848359985 -0.384080155479 -0.073686359877 -0.920354689527 
12.875  1.892347e+04  5.721342e+02  3.381683e+02  5.267390e+03  5.510651e+02  1.457718e+02 -0.929329894923  0.062745929415  0.363880330251  0.031162092854  0.995268188788 -0.092033452376 -0.367933241731 -0.074190165987 -0.926887775785 
13  1.961926e+04  6.458493e+02  3.384612e+02  5.437167e+03  5.842938e+02  1.578260e+02 -0.927738719467  0.062775382117  0.367913196014  0.030814740284  0.995271411575 -0.092115520312 -0.371956072920 -0.074121985275 -0.925286231993 
13.125  2.028122e+04  7.177430e+02  3.396371e+02  5.595887e+03  6.150783e+02  1.576754e+02 -0.929796821753  0.062827420369  0.362671456704  0.031347986861  0.995261196230 -0.092045939607 -0.366735836779 -0.074215002042 -0.927360210217 
13.25  2.101924e+04  7.997649e+02  3.381282e+02  5.762129e+03  6.481959e+02  1.360112e+02 -0.927387191469  0.062706743458  0.368810061447  0.030651146389  0.995273514089 -0.092147378574 -0.372845147916 -0.074151847434 -0.924925942548 
13.375  2.171995e+04  8.793071e+02  3.363415e+02  5.915556e+03  6.787533e+02  1.333640e+02 -0.932635919269  0.062779676666  0.355315288562  0.031849091884  0.995226765260 -0.092245981245 -0.359410458160 -0.074715446244 -0.930183704791 
13.5  2.249950e+04  9.696304e+02  3.395154e+02  6.079801e+03  7.120504e+02  1.414556e+02 -0.922594177581  0.061792172275  0.380790901861  0.028649132120  0.995337131355 -0.092104409097 -0.384706655418 -0.074065662705 -0.920062534225 
13.625  2.323830e+04  1.056855e+03  3.364008e+02  6.233219e+03  7.427673e+02  1.120608e+02 -0.936781136314  0.062499426195  0.344289012854  0.032462821498  0.995198981843 -0.092331748377 -0.348406756345 -0.075318047395 -0.934312540786 
13.75  2.405917e+04  1.155511e+03  3.386548e+02  6.394945e+03  7.760722e+02  1.981425e+02 -0.926470140803  0.061846284971  0.371252091221  0.029574336487  0.995319262073 -0.092005027952 -0.375204526655 -0.074260376934 -0.923962639718 
13.875  2.483548e+04  1.250439e+03  3.373553e+02  6.544636e+03  8.069930e+02  1.254024e+02 -0.924532060197  0.061853122155  0.376051407320  0.029144836228  0.995326982724 -0.092058546494 -0.379988221119 -0.074151120969 -0.922014405023 
14  2.569700e+04  1.357459e+03  3.374212e+02  6.708872e+03  8.403678e+02  1.920307e+02 -0.932071052508  0.062250426703  0.356887149462  0.031199085990  0.995259255210 -0.092117489941 -0.360929591623 -0.074725492939 -0.929594497937 
14.125  2.651124e+04  1.460091e+03  3.370072e+02  6.858997e+03  8.711609e+02  1.264119e+02 -0.934872306447  0.062421337239  0.349452925722  0.031917978036  0.995211924300 -0.092382186643 -0.353546338287 -0.075211717094 -0.932388429945 
14.25  2.741344e+04  1.575469e+03  3.351871e+02  7.019211e+03  9.046996e+02  1.445214e+02 -0.929822726159  0.062426720590  0.362674237401  0.030796357030  0.995249724334 -0.092355674472 -0.366716896681 -0.074705359714 -0.927328327465 
14.375  2.826460e+04  1.685858e+03  3.359376e+02  7.164815e+03  9.359387e+02  1.323744e+02 -0.923686997334  0.061940795356  0.378108012117  0.028924440601  0.995302866395 -0.092388207487 -0.382054587320 -0.074401223225 -0.921139918954 
14.5  2.920681e+04  1.809668e+03  3.371975e+02  7.328292e+03  9.695570e+02  1.593582e+02 -0.933006563127  0.062324946167  0.354421153780  0.031243903697  0.995198482398 -0.092756666141 -0.358500448596 -0.075469077886 -0.930473990308 
14.625  3.009523e+04  1.927853e+03  3.360898e+02  7.476468e+03  1.000809e+03  1.179490e+02 -0.928560299075  0.061993657363  0.365967973228  0.029922178930  0.995247119191 -0.092670572189 -0.369973558771 -0.075099655050 -0.926001947958 
14.75  3.107784e+04  2.060116e+03  3.359919e+02  7.637670e+03  1.034584e+03  1.162442e+02 -0.936157351668  0.062194793330  0.346036444035  0.031843783962  0.995182911081 -0.092719722365 -0.350136239685 -0.075781139970 -0.933628316025 
14.875  3.200334e+04  2.186114e+03  3.362897e+02  7.784324e+03  1.065898e+03  1.357009e+02 -0.931370882638  0.062152571986  0.358727385030  0.030662192436  0.995210681784 -0.092819872965 -0.362778319266 -0.075450358898 -0.928815985227 
15  3.302580e+04  2.326865e+03  3.361263e+02  7.942333e+03  1.099949e+03  1.264233e+02 -0.932775200772  0.062080430942  0.355072450240  0.030914305981  0.995205790421 -0.092788686801 -0.359130520161 -0.075574167588 -0.930222454407 
15.125  3.398787e+04  2.460720e+03  3.348357e+02  8.087828e+03  1.131368e+03  1.478838e+02 -0.931507950450  0.062114506394  0.358377909956  0.030675649345  0.995215953060 -0.092758888050 -0.362425085757 -0.075412166595 -0.928956975507 
15.25  3.504973e+04  2.610003e+03  3.346743e+02  8.245183e+03  1.165593e+03  1.190060e+02 -0.929793829979  0.062395388903  0.362753703187  0.030507371117  0.995200107780 -0.092984115754 -0.366814304574 -0.075389395267 -0.927234439094 
15.375  3.604826e+04  2.751745e+03  3.343277e+02  8.392089e+03  1.197056e+03  9.437161e+01 -0.933589647384  0.062530340262  0.352846038443  0.031492916212  0.995164784454 -0.093033585389 -0.356957373543 -0.075743041454 -0.931044802974 
15.5  3.714979e+04  2.909572e+03  3.345055e+02  8.549716e+03  1.231260e+03  1.339694e+02 -0.930827468949  0.062335164922  0.360103527146  0.030691167023  0.995198663172 -0.092939082670 -0.364167921866 -0.075458253591 -0.928271391700 
15.625  3.818479e+04  3.059210e+03  3.347198e+02  8.694933e+03  1.262880e+03  1.226945e+02 -0.931940995278  0.062428017891  0.357195638135  0.030975542987  0.995173652298 -0.093112391808 -0.361284509849 -0.075710926251 -0.929376865749 
15.75  3.932564e+04  3.225618e+03  3.335948e+02  8.851576e+03  1.297282e+03  1.204444e+02 -0.928594313780  0.062185208394  0.365849149612  0.030011081292  0.995214849175 -0.092987843186 -0.369880974659 -0.075368453864 -0.926017095278 
15.875  4.039693e+04  3.383191e+03  3.320779e+02  8.997339e+03  1.328975e+03  1.562183e+02 -0.932838104033  0.062514642921  0.354830933100  0.031258349693  0.995161115684 -0.093151862056 -0.358937302657 -0.075804176998 -0.930278312932 
16  4.157712e+04  3.558208e+03  3.319249e+02  9.154326e+03  1.363500e+03  1.247039e+02 -0.924893571989  0.062314679545  0.375085005308  0.029215069304  0.995209346864 -0.093299708679 -0.379102044599 -0.075334166401 -0.922283255379 
16.125  4.268482e+04  3.723742e+03  3.311093e+02  9.300680e+03  1.395312e+03  1.280657e+02 -0.931356014590  0.062432582416  0.358717363309  0.030838315419  0.995175592467 -0.093137202341 -0.362801560621 -0.075681654386 -0.928788089287 
16.25  4.390456e+04  3.907387e+03  3.310384e+02  9.458065e+03  1.429848e+03  9.880649e+01 -0.928796219503  0.062375550472  0.365303809643  0.030245566449  0.995203759222 -0.093030550575 -0.369354556418 -0.075357603024 -0.926228073057 
16.375  4.504879e+04  4.080888e+03  3.308246e+02  9.605402e+03  1.461632e+03  1.142973e+02 -0.930670366838  0.062384720123  0.360500783612  0.030653336472  0.995186435407 -0.093082392241 -0.364572408793 -0.075578472315 -0.928102824729 
16.5  4.630816e+04  4.273173e+03  3.303161e+02  9.764157e+03  1.496204e+03  1.352604e+02 -0.930682830263  0.062619491479  0.360427896730  0.030867741167  0.995169566098 -0.093191830477 -0.364522498633 -0.075606441520 -0.928120150622 
16.625  4.748910e+04  4.454656e+03  3.302563e+02  9.909771e+03  1.528248e+03  1.737150e+02 -0.916445867469  0.061858033966  0.395348650729  0.027069427796  0.995299910866 -0.092980285594 -0.399242054496 -0.074509536733 -0.913812951789 
16.75  4.878836e+04  4.655609e+03  3.278196e+02  1.007144e+04  1.562915e+03  8.569518e+01 -0.931440891657  0.062488973019  0.358487089865  0.030721518707  0.995131822363 -0.093642108098 -0.362593510197 -0.076208820826 -0.928826228092 
16.875  5.000624e+04  4.845125e+03  3.274760e+02  1.021901e+04  1.595234e+03  1.222292e+02 -0.917325493875  0.061846800088  0.393305112610  0.026914014280  0.995234127257 -0.093726558555 -0.397227358224 -0.075392342198 -0.914618182968 
17  5.134581e+04  5.054816e+03  3.262835e+02  1.037965e+04  1.630418e+03  1.321331e+02 -0.920371541571  0.062040241817  0.386092260815  0.027748953872  0.995207184566 -0.093769159890 -0.390059253223 -0.075588809905 -0.917681922450 
17.125  5.260106e+04  5.252431e+03  3.254188e+02  1.053240e+04  1.662613e+03  1.302136e+02 -0.926822831052  0.062365265908  0.370283693199  0.029367215812  0.995129614208 -0.094098977470 -0.374348776513 -0.076338879568 -0.924140340527 
17.25  5.387441e+04  5.453939e+03  3.240547e+02  1.068389e+04  1.695046e+03  1.061789e+02 -0.926106293553  0.062346037003  0.372075401916  0.029235911021  0.995144693141 -0.093980323577 -0.376128162397 -0.076157805792 -0.923432506505 
17.375  5.527450e+04  5.676632e+03  3.248367e+02  1.084756e+04  1.730316e+03  1.321518e+02 -0.909660790680  0.061577870236  0.410761989231  0.025007480973  0.995274849759 -0.093822168661 -0.414598446446 -0.075074225497 -0.906902414194 
17.5  5.658607e+04  5.886266e+03  3.227094e+02  1.100027e+04  1.763061e+03  1.215739e+02 -0.919418985844  0.062120019028  0.388342415537  0.027330177533  0.995151455709 -0.094480905990 -0.392328675813 -0.076254071607 -0.916658893318 
17.625  5.802794e+04  6.117799e+03  3.211902e+02  1.117185e+04  1.798291e+03  1.004706e+02 -0.911551455201  0.061545857205  0.406553873407  0.025059649842  0.995212051185 -0.094472149998 -0.410421683724 -0.075928128097 -0.908729311122 
17.75  5.937840e+04  6.335635e+03  3.208098e+02  1.132799e+04  1.831338e+03  1.254845e+02 -0.905601593171  0.061176689819  0.419694135137  0.023347746807  0.995232877098 -0.094691092839 -0.423486289229 -0.075953492131 -0.902712816940 
17.875  6.086282e+04  6.576103e+03  3.204780e+02  1.150158e+04  1.867186e+03  1.392434e+02 -0.924957207638  0.062111457372  0.374961772587  0.027842534897  0.994978952945 -0.096133638482 -0.379050072271 -0.078479615572 -0.922042294394 
18  6.225310e+04  6.802234e+03  3.189876e+02  1.166225e+04  1.900577e+03  1.607746e+02 -0.905019458735  0.060891188267  0.420989361508  0.022392210184  0.995148792528 -0.095799110918 -0.424780376471 -0.077273177242 -0.901992509860 
18.125  6.378115e+04  7.051753e+03  3.173357e+02  1.183492e+04  1.937310e+03  1.183347e+02 -0.913674242286  0.061146859372  0.401821403826  0.024041736924  0.995018377207 -0.096749283752 -0.405735596009 -0.078736844042 -0.910592738562 
18.25  6.521213e+04  7.286301e+03  3.146746e+02  1.200418e+04  1.970869e+03  6.996020e+01 -0.911501319156  0.060787162417  0.406780365876  0.022991686141  0.995002301881 -0.097168933407 -0.410654024144 -0.079217044481 -0.908343510088 
18.375  6.678483e+04  7.545009e+03  3.150797e+02  1.218282e+04  2.008065e+03  1.238511e+02 -0.897467121008  0.060052933537  0.436974154709  0.019363874095  0.995097426197 -0.096985322371 -0.440656109784 -0.078579625534 -0.894230079656 
18.5  6.825755e+04  7.788108e+03  3.126211e+02  1.235444e+04  2.042329e+03  7.904854e+01 -0.916835316701  0.060582668971  0.394642550000  0.023263668229  0.994847694349 -0.098675563277 -0.398587259946 -0.081288407956 -0.913520876029 
18.625  6.987614e+04  8.056147e+03  3.131652e+02  1.253744e+04  2.080124e+03  1.415455e+02 -0.893670508878  0.059264141953  0.444792966492  0.017369188914  0.995065849025 -0.097684529897 -0.448387480689 -0.079572090480 -0.890290373742 
18.75  7.139182e+04  8.307918e+03  3.103306e+02  1.271245e+04  2.114842e+03  9.554734e+01 -0.892332486320  0.059164593799  0.447484396040  0.017019401172  0.995077574893 -0.097626635343 -0.451057727838 -0.079499501792 -0.888946992442 
18.875  7.305754e+04  8.585381e+03  3.090636e+02  1.290357e+04  2.152442e+03  9.988533e+01 -0.894456897494  0.059361898829  0.443196371254  0.017505639081  0.995037759477 -0.097945953541 -0.446811382046 -0.079849998009 -0.891057555208 
19  7.461736e+04  8.845843e+03  3.079802e+02  1.308321e+04  2.187160e+03  1.270989e+02 -0.896308678602  0.059405322625  0.439433453787  0.017714615964  0.994991562454 -0.098376740271 -0.443076680773 -0.080391531202 -0.892871915039 
19.125  7.633164e+04  9.132724e+03  3.068188e+02  1.328133e+04  2.224786e+03  1.501751e+02 -0.892108698560  0.059431859262  0.447894992224  0.016817662143  0.994991974232 -0.098529881018 -0.451507736583 -0.080366817270 -0.888640500139 
19.25  7.793694e+04  9.401900e+03  3.043376e+02  1.346607e+04  2.259686e+03  1.218462e+02 -0.886007642094  0.059273691172  0.459866380251  0.015451254344  0.995018881799 -0.098481894800 -0.463413116873 -0.080150198995 -0.882510186180 
19.375  7.970124e+04  9.698243e+03  3.023757e+02  1.366760e+04  2.297694e+03  8.732154e+01 -0.865771549639  0.058423871360  0.497017379064  0.011298233711  0.995190688697 -0.097302841922 -0.500311876484 -0.078626613728 -0.862267871292 
19.5  8.135342e+04  9.976173e+03  3.013348e+02  1.385699e+04  2.332783e+03  1.271130e+02 -0.856855446017  0.057847118182  0.512301137563  0.009394247591  0.995272160334 -0.096669927981 -0.515471136673 -0.078019470529 -0.853347801002 
19.625  8.316925e+04  1.028201e+04  2.995410e+02  1.406481e+04  2.370901e+03  1.184487e+02 -0.861124870127  0.058214295717  0.505049555809  0.010147783444  0.995192783623 -0.097408140915 -0.508292219633 -0.078755439174 -0.857576002615 
19.75  8.486977e+04  1.056872e+04  2.973694e+02  1.426201e+04  2.405928e+03  1.263003e+02 -0.870331032428  0.058459289564  0.488985076925  0.011550065112  0.995079284143 -0.098406373094 -0.492331686963 -0.079998310815 -0.866723589317 
19.875  8.673886e+04  1.088407e+04  2.964990e+02  1.448121e+04  2.443738e+03  1.161872e+02 -0.874435928614  0.058563139060  0.481593361138  0.012133423214  0.995016831384 -0.098966081583 -0.484989264613 -0.080696121383 -0.870789038289 
20  8.848937e+04  1.117955e+04  2.948724e+02  1.468419e+04  2.478804e+03  9.373999e+01 -0.858893166207  0.057633535086  0.508901665035  0.008822719074  0.995165713472 -0.097812894639 -0.512078791467 -0.079520930346 -0.855249515034 
20.125  9.041347e+04  1.150441e+04  2.912926e+02  1.490590e+04  2.516915e+03  1.018754e+02 -0.840680719758  0.056858649955  0.538537855079  0.005493090307  0.995316830413 -0.096510274350 -0.541503234881 -0.078176089833 -0.837055999078 
20.25  9.221554e+04  1.180867e+04  2.914552e+02  1.511549e+04  2.551984e+03  1.233800e+02 -0.848054862117  0.057168429734  0.526815642784  0.006613426116  0.995227944073 -0.097352975979 -0.529867165840 -0.079076608290 -0.844385976072 
20.375  9.419640e+04  1.214304e+04  2.877738e+02  1.534849e+04  2.589845e+03  1.010348e+02 -0.859216961947  0.057205760260  0.508403101187  0.007974891458  0.995105889552 -0.098491977770 -0.511549228725 -0.080571518366 -0.855468068965 
20.5  9.605173e+04  1.245607e+04  2.869854e+02  1.556517e+04  2.624947e+03  1.242725e+02 -0.844765473875  0.056429217955  0.532153208681  0.005039792578  0.995219618583 -0.097532103834 -0.535112973717 -0.079709812122 -0.841011564256 
20.625  9.809125e+04  1.279997e+04  2.845733e+02  1.580042e+04  2.663319e+03  1.056867e+02 -0.807928614514  0.055009965141  0.586707131015 -0.000734609544  0.995538457607 -0.094353801061 -0.589279911585 -0.076662136423 -0.804283595904 
20.75  1.000016e+05  1.312182e+04  2.825018e+02  1.602226e+04  2.698654e+03  1.022939e+02 -0.803474039888  0.054768847372  0.592815182484 -0.001585265955  0.995559027456 -0.094126031374 -0.595337680781 -0.076567592413 -0.799819010548 
20.875  1.021015e+05  1.347526e+04  2.808726e+02  1.626976e+04  2.736697e+03  1.059760e+02 -0.843970778600  0.055713587286  0.533487882769  0.003547286203  0.995149086042 -0.098314359637 -0.536377424609 -0.081082012444 -0.840074381009 
21  1.040686e+05  1.380593e+04  2.795872e+02  1.650177e+04  2.771853e+03  1.135783e+02 -0.839415248109  0.055294101268  0.540670512982  0.002506340891  0.995194397122 -0.097886823387 -0.543484829133 -0.080812587524 -0.835519937643 
21.125  1.062310e+05  1.416894e+04  2.763724e+02  1.675401e+04  2.810049e+03  9.386830e+01 -0.794071556372  0.053644013816  0.605452461505 -0.004104862888  0.995601843107 -0.093595513260 -0.607810425595 -0.076806834224 -0.790358903761 
