0.00195312  0.000000e+00  0.000000e+00  0.000000e+00  0.000000e+00  0.000000e+00  0.000000e+00  0.998750260395  0.000000000000 -0.049979169271  0.000000000000  1.000000000000  0.000000000000  0.049979169271 -0.000000000000  0.998750260395 
0.126953  8.251932e-02 -1.349470e-04  1.718038e+00  1.551106e+00 -3.873827e-03  2.658991e+01  0.998748460299 -0.000117683484 -0.050014989771  0.000122621053  0.999999987907  0.000095653436  0.050014977909 -0.000101666613  0.998748462651 
0.251953  3.795068e-01 -9.490532e-04  7.494817e+00  3.203916e+00 -3.917087e-03  6.048513e+01  0.998760379670 -0.000210566336 -0.049776095300  0.000210743502  0.999999977792 -0.000001688991  0.049776094550 -0.000008803091  0.998760401865 
0.376953  8.874812e-01 -1.212828e-03  1.763998e+01  4.819864e+00 -2.304302e-03  9.257966e+01  0.998777692495 -0.000100276605 -0.049427835470  0.000091928266  0.999999981125 -0.000171172822  0.049427851702  0.000166419781  0.998777682861 
0.501953  1.529113e+00 -1.314644e-03  3.014041e+01  6.277810e+00  5.434597e-03  1.210775e+02  0.998775847799 -0.000379682825 -0.049463741217  0.000364630909  0.999999884436 -0.000313325194  0.049463854465  0.000294905627  0.998775870820 
0.626953  2.432256e+00  2.284004e-04  4.776558e+01  7.882648e+00  1.993127e-02  1.502745e+02  0.998774623718 -0.000218455987 -0.049489426085  0.000213627694  0.999999971892 -0.000102851497  0.049489447163  0.000092153154  0.998774642313 
0.751953  3.544236e+00  3.197132e-03  6.957249e+01  9.522592e+00  2.492121e-02  1.791903e+02  0.998781469305 -0.000198631773 -0.049351161260  0.000197311914  0.999999980034 -0.000031615972  0.049351166555  0.000021839875  0.998781488556 
0.876953  4.739282e+00  6.459607e-03  9.307850e+01  1.102050e+01  3.110173e-02  2.152604e+02  0.998792661884  0.000074399609 -0.049124464699 -0.000066272528  0.999999983848  0.000167067347  0.049124476336 -0.000163610037  0.998792650682 
1.00195  6.256212e+00  9.994349e-03  1.224347e+02  1.266245e+01  2.482899e-02  2.506719e+02  0.998799696779  0.000075952270 -0.048981220338 -0.000052818046  0.999999886456  0.000473602200  0.048981250747 -0.000470446642  0.998799587382 
1.12695  7.984356e+00  1.225690e-02  1.565202e+02  1.429131e+01  1.321529e-02  2.802395e+02  0.998817131007  0.000321606812 -0.048623403590 -0.000305055779  0.999999892984  0.000347812737  0.048623510245 -0.000332568470  0.998817122225 
1.25195  9.735036e+00  1.297283e-02  1.906639e+02  1.572729e+01 -2.872675e-03  3.113275e+02  0.998823189071  0.000160100105 -0.048499601464 -0.000151219465  0.999999971124  0.000186776626  0.048499629967 -0.000179222741  0.998823184439 
1.37695  1.185266e+01  1.213704e-02  2.317762e+02  1.725748e+01 -1.401957e-02  3.187790e+02  0.998826776810  0.000147356509 -0.048425697854 -0.000131345130  0.999999935656  0.000333820015  0.048425743928 -0.000327067890  0.998826731897 
1.50195  1.416343e+01  9.528505e-03  2.756054e+02  1.871928e+01 -2.407276e-02  3.430161e+02  0.998835443066  0.000261942851 -0.048246130001 -0.000248334764  0.999999927679  0.000288049389  0.048246201965 -0.000275732748  0.998835435879 
1.62695  1.642439e+01  6.222261e-03  3.219899e+02  1.999124e+01 -3.064796e-02  4.173257e+02  0.998825642225  0.000545195968 -0.048446250582 -0.000536920435  0.999999838961  0.000183832228  0.048446343004 -0.000157604561  0.998825774102 
1.75195  1.908036e+01  2.428208e-03  3.733472e+02  2.132273e+01 -3.260815e-02  4.227631e+02  0.998829929443  0.000317706543 -0.048359808851 -0.000308192708  0.999999931663  0.000204186490  0.048359870418 -0.000189043436  0.998829959100 
1.87695  2.190258e+01 -2.176185e-03  4.293335e+02  2.255391e+01 -4.164410e-02  4.604480e+02  0.998830553116  0.000141382519 -0.048347762857 -0.000122026827  0.999999911232  0.000403294426  0.048347815584 -0.000396923070  0.998830481704 
2.00195  2.460052e+01 -7.364349e-03  4.800491e+02  2.358289e+01 -4.563985e-02  4.862264e+02  0.998834223947 -0.000028963892 -0.048272064736  0.000042838247  0.999999958074  0.000286385438  0.048272054417 -0.000288119467  0.998834183310 
2.12695  2.769991e+01 -1.400641e-02  5.425487e+02  2.454784e+01 -6.155597e-02  3.969635e+02  0.998826973688 -0.000243415943 -0.048421249287  0.000269884592  0.999999817729  0.000540095764  0.048421108993 -0.000552530367  0.998826857325 
2.25195  3.090600e+01 -2.220286e-02  6.021938e+02  2.519158e+01 -6.667019e-02  4.657139e+02  0.998835888413 -0.000028593935 -0.048237611892  0.000049086141  0.999999909063  0.000423633469  0.048237595392 -0.000425508110  0.998835798985 
2.37695  3.387609e+01 -2.983617e-02  6.761971e+02  2.549811e+01 -6.520016e-02  6.186508e+02  0.998835222426  0.000060066557 -0.048251371318 -0.000028028558  0.999999778722  0.000664657435  0.048251400565 -0.000662530841  0.998835003089 
2.50195  3.716980e+01 -3.820735e-02  7.287820e+02  2.556481e+01 -6.482187e-02  4.397978e+02  0.998835073508  0.000099786462 -0.048254388127 -0.000075050278  0.999999864864  0.000514431929  0.048254432939 -0.000510211148  0.998834946018 
2.62695  4.046543e+01 -4.679262e-02  7.906461e+02  2.556571e+01 -6.842159e-02  4.416275e+02  0.998846461472  0.000232172172 -0.048017626978 -0.000211522360  0.999999882961  0.000435127367  0.048017722383 -0.000424468629  0.998846393678 
2.75195  4.346149e+01 -5.508282e-02  8.499933e+02  2.556787e+01 -7.052920e-02  4.049538e+02  0.998857993783  0.000270632747 -0.047776929713 -0.000244487931  0.999999817170  0.000553069718  0.047777070657 -0.000540757226  0.998857877328 
2.87695  4.675735e+01 -6.397852e-02  9.173552e+02  2.556630e+01 -6.676524e-02  5.734897e+02  0.998865289298  0.000435318627 -0.047622939142 -0.000411667387  0.999999787023  0.000506442295  0.047623149464 -0.000486262819  0.998865255770 
3.00195  5.005323e+01 -7.292389e-02  9.825187e+02  2.556828e+01 -7.155174e-02  9.546036e+02  0.998870918249  0.000463726887 -0.047504459085 -0.000444087885  0.999999811519  0.000423967074  0.047504646736 -0.000402392225  0.998870935917 
3.12695  5.304956e+01 -8.150677e-02  1.040139e+03  2.557342e+01 -7.568061e-02  4.326638e+02  0.998872427256  0.000583331348 -0.047471399719 -0.000561852088  0.999999733672  0.000465809602  0.047471658798 -0.000438612463  0.998872488974 
3.25195  5.634636e+01 -9.149993e-02  1.104227e+03  2.557499e+01 -7.785114e-02  2.938032e+02  0.998885211742  0.000818877918 -0.047198127094 -0.000791214910  0.999999504108  0.000604783299  0.047198598933 -0.000566765232  0.998885364312 
3.37695  5.964325e+01 -1.015835e-01  1.163438e+03  2.557332e+01 -7.601956e-02  3.298452e+02  0.998877445698  0.000755016329 -0.047363260294 -0.000728710469  0.999999570515  0.000572670739  0.047363672327 -0.000537513782  0.998877566883 
3.50195  6.264023e+01 -1.104703e-01  1.218714e+03  2.557899e+01 -7.415516e-02  1.672966e+00  0.998872485296  0.000698591069 -0.047468622148 -0.000666101891  0.999999532979  0.000700249750  0.047469089167 -0.000667841269  0.998872484135 
3.62695  6.593786e+01 -1.199955e-01  1.272275e+03  2.557673e+01 -7.620354e-02  4.072446e-01  0.998880248596  0.000678354882 -0.047305272427 -0.000641281309  0.999999475273  0.000798881194  0.047305789530 -0.000767650658  0.998880159473 
3.75195  6.923492e+01 -1.294703e-01  1.347527e+03  2.557858e+01 -7.284022e-02 -8.526917e-01  0.998885035837  0.000616372622 -0.047204928415 -0.000570205533  0.999999345923  0.000991473682  0.047205508656 -0.000963451713  0.998884733947 
3.87695  7.223245e+01 -1.380581e-01  1.389089e+03  2.558286e+01 -7.484128e-02 -2.004738e+00  0.998881256961  0.000894283617 -0.047280384388 -0.000844744378  0.999999073162  0.001067746432  0.047281295435 -0.001026612059  0.998881086601 
4.00195  7.553037e+01 -1.484389e-01  1.469488e+03  2.558359e+01 -8.383786e-02 -3.272132e+00  0.998888486535  0.000602565391 -0.047132031380 -0.000542367768  0.999999020880  0.001289990680  0.047132762536 -0.001262993944  0.998887835316 
4.12695  7.882835e+01 -1.593994e-01  1.527236e+03  2.558094e+01 -8.605296e-02 -4.541015e+00  0.998883330748  0.000509936818 -0.047242264107 -0.000454017622  0.999999183648  0.001194391672  0.047242834605 -0.001171609111  0.998882746828 
4.25195  8.182608e+01 -1.693886e-01  1.605461e+03  2.557899e+01 -8.716707e-02 -5.689423e+00  0.998871053085  0.000309302845 -0.047502880341 -0.000246070259  0.999999075975  0.001336973692  0.047503249977 -0.001323775273  0.998870206213 
4.37695  8.512333e+01 -1.806381e-01  1.639815e+03  2.557965e+01 -8.532311e-02 -6.957257e+00  0.998864984722  0.000105552495 -0.047631199383 -0.000039576274  0.999999038596  0.001386088113  0.047631299895 -0.001382629816  0.998864028587 
4.50195  8.842049e+01 -1.914516e-01  1.710270e+03  2.557968e+01 -8.236511e-02 -8.221606e+00  0.998861322329  0.000144649644 -0.047707838260 -0.000082093377  0.999999134391  0.001313193420  0.047707986917 -0.001307781618  0.998860469581 
4.62695  9.141774e+01 -2.007504e-01  1.758996e+03  2.557303e+01 -7.524690e-02 -9.371982e+00  0.998864219549 -0.000242903898 -0.047646740729  0.000309132105  0.999998996399  0.001382620169  0.047646357067 -0.001395778953  0.998863292177 
4.75195  9.471405e+01 -2.105275e-01  1.805650e+03  2.556912e+01 -7.673663e-02 -4.586326e+02  0.998869577783 -0.000173551352 -0.047534581718  0.000231352162  0.999999240613  0.001210474856  0.047534335541 -0.001220103736  0.998868859406 
4.87695  9.800996e+01 -2.205910e-01  1.871788e+03  2.557213e+01 -7.517876e-02  2.352466e+02  0.998859625568 -0.000296221246 -0.047742650358  0.000364715255  0.999998916830  0.001425945516  0.047742176249 -0.001441731877  0.998858651670 
5.00195  1.010066e+02 -2.292420e-01  1.952948e+03  2.556910e+01 -7.462473e-02  5.614932e+02  0.998857706826 -0.000476452232 -0.047781319642  0.000544646804  0.999998851680  0.001414213194  0.047780590969 -0.001438621691  0.998856819316 
5.12695  1.043021e+02 -2.389238e-01  2.027858e+03  2.556268e+01 -7.685924e-02 -1.293885e+03  0.998871116285 -0.000503047439 -0.047499894689  0.000575578478  0.999998689304  0.001513307290  0.047499071166 -0.001538938859  0.998870096612 
5.25195  1.075968e+02 -2.482356e-01  2.044483e+03  2.555708e+01 -6.743620e-02 -9.601801e+01  0.998866717556 -0.000686735705 -0.047590008964  0.000761271664  0.999998511920  0.001548103203  0.047588875009 -0.001582577690  0.998865753955 
5.37695  1.105915e+02 -2.561630e-01  2.155944e+03  2.555557e+01 -6.892062e-02  8.150109e+02  0.998867272664 -0.000362681816 -0.047581930004  0.000433715745  0.999998806952  0.001482560300  0.047581335538 -0.001501517996  0.998866238268 
5.50195  1.138857e+02 -2.651695e-01  2.145640e+03  2.555575e+01 -6.923768e-02 -3.856584e+02  0.998872892313 -0.000143810503 -0.047464979947  0.000227731214  0.999998420596  0.001762652408  0.047464651492 -0.001771474966  0.998871347439 
5.62695  1.171801e+02 -2.747162e-01  2.199759e+03  2.555793e+01 -7.648653e-02  6.887861e+00  0.998877363216 -0.000093974601 -0.047370923809  0.000168611889  0.999998750822  0.001571599394  0.047370716944 -0.001577822360  0.998876131286 
5.75195  1.201754e+02 -2.835249e-01  2.363348e+03  2.555855e+01 -7.269482e-02  5.737996e+00  0.998868861148 -0.000210086699 -0.047549490983  0.000280245137  0.999998882014  0.001468820693  0.047549129243 -0.001480484767  0.998867803302 
5.87695  1.234700e+02 -2.926658e-01  2.372794e+03  2.555900e+01 -6.924086e-02  4.473448e+00  0.998862666518 -0.000173658332 -0.047679589762  0.000254905381  0.999998525999  0.001697946497  0.047679224620 -0.001708169150  0.998861238460 
6.00195  1.267648e+02 -3.014261e-01  2.372166e+03  2.555982e+01 -6.541720e-02  3.206854e+00  0.998859052351  0.000115242889 -0.047755421224 -0.000038712019  0.999998713675  0.001603480576  0.047755544584 -0.001599802380  0.998857771954 
6.12695  1.297601e+02 -3.090671e-01  2.458128e+03  2.555978e+01 -6.651035e-02  2.057379e+00  0.998864499468 -0.000159819268 -0.047641223326  0.000239133524  0.999998595052  0.001659129179  0.047640891232 -0.001668637851  0.998863134333 
6.25195  1.330544e+02 -3.178141e-01  2.443725e+03  2.555213e+01 -7.279941e-02  7.828865e-01  0.998864433142 -0.000069534819 -0.047642831233  0.000125042692  0.999999316939  0.001162104023  0.047642717883 -0.001166741764  0.998863759552 
6.37695  1.363477e+02 -3.274394e-01  2.573178e+03  2.554720e+01 -7.178646e-02 -4.797226e-01  0.998868477807 -0.000256725444 -0.047557314219  0.000301394665  0.999999520173  0.000932102871  0.047557052106 -0.000945381697  0.998868075898 
6.50195  1.393413e+02 -3.356586e-01  2.720418e+03  2.554361e+01 -7.074281e-02 -1.626798e+00  0.998874605296 -0.000314966029 -0.047428089682  0.000352942057  0.999999623818  0.000792335240  0.047427822281 -0.000808182917  0.998874340703 
6.62695  1.426339e+02 -3.441212e-01  2.637400e+03  2.553951e+01 -6.113951e-02 -2.891334e+00  0.998869286663 -0.000450139590 -0.047538884458  0.000472180406  0.999999786186  0.000452408836  0.047538670646 -0.000474344221  0.998869285638 
6.75195  1.459263e+02 -3.518617e-01  2.688190e+03  2.554293e+01 -6.014938e-02 -4.157580e+00  0.998878907189 -0.000583998142 -0.047334846764  0.000613091704  0.999999631989  0.000600116967  0.047334478877 -0.000628464782  0.998878897635 
6.87695  1.489190e+02 -3.586774e-01  2.945739e+03  2.553361e+01 -6.368018e-02 -5.310441e+00  0.998878950303 -0.000663327225 -0.047332891724  0.000693476177  0.999999567012  0.000620537143  0.047332459610 -0.000652665723  0.998878977802 
7.00195  1.522104e+02 -3.669696e-01  2.857744e+03  2.552898e+01 -6.612774e-02 -6.570545e+00  0.998878681537 -0.000693292560 -0.047338133851  0.000735041786  0.999999356147  0.000864534629  0.047337503997 -0.000898360717  0.998878548004 
7.12695  1.555015e+02 -3.749667e-01  2.860389e+03  2.553452e+01 -6.011733e-02 -7.835130e+00  0.998876514810 -0.000809496099 -0.047381988943  0.000839285656  0.999999462469  0.000608819245  0.047381470637 -0.000647902269  0.998876657282 
7.25195  1.584940e+02 -3.818218e-01  3.023530e+03  2.553673e+01 -5.750627e-02 -8.984425e+00  0.998877807752 -0.000729959159 -0.047356016944  0.000763818821  0.999999465448  0.000696910397  0.047355482914 -0.000732299747  0.998877831356 
7.37695  1.617857e+02 -3.894173e-01  3.069474e+03  2.553615e+01 -5.828308e-02  2.481654e+03  0.998884763315 -0.000826495001 -0.047207483772  0.000854347685  0.999999472691  0.000569831695  0.047206987916 -0.000609527802  0.998884942708 
7.50195  1.650774e+02 -3.973131e-01  3.072132e+03  2.553255e+01 -6.259134e-02 -8.677867e-01  0.998892046809 -0.000834453718 -0.047052975560  0.000872079864  0.999999316215  0.000779132305  0.047052293236 -0.000819303016  0.998892091491 
7.62695  1.680697e+02 -4.048884e-01  3.089949e+03  2.553654e+01 -6.472641e-02 -2.015504e+00  0.998892121836 -0.000896265620 -0.047050245934  0.000930154733  0.999999323535  0.000698385754  0.047049588167 -0.000741376037  0.998892279785 
7.75195  1.713465e+02 -4.130030e-01  3.267931e+03  2.524897e+01 -6.093943e-02 -8.569971e+00  0.999722333772 -0.000755257446 -0.023551750343  0.000769975717  0.999999513920  0.000615871099  0.023551273753 -0.000633834369  0.999722429357 
7.87695  1.745835e+02 -4.206492e-01  3.284661e+03  2.517747e+01 -5.728933e-02 -1.036261e+03  0.988616906772 -0.000903914901  0.150451967693  0.000849662520  0.999999548776  0.000424878198 -0.150452283860 -0.000292208371  0.988617228707 
8.00195  1.776178e+02 -4.286414e-01  3.316065e+03  2.857895e+01 -8.985394e-02 -9.941637e+02  0.999763593194 -0.000752649734  0.021729961868  0.000741027720  0.999999578077  0.000542885426 -0.021730361302 -0.000526654581  0.999763729104 
8.12695  1.817643e+02 -4.471249e-01  3.227714e+03  3.701864e+01 -2.075338e-01  1.464349e+03  0.991193277756 -0.000445744169 -0.132422382717  0.000555889924  0.999999529633  0.000794808207  0.132421966148 -0.000861420820  0.991193059316 
8.25195  1.872117e+02 -4.839479e-01  3.568946e+03  4.804821e+01 -3.927578e-01  5.720463e+03  0.998466711701 -0.000838550185 -0.055349096272  0.000891561407  0.999999167244  0.000933075751  0.055348267749 -0.000980992195  0.998466627841 
8.37695  1.934399e+02 -5.398276e-01  3.597848e+03  6.055483e+01 -5.870838e-01  2.672256e+02  0.997793048174 -0.001273427314  0.066388337813  0.001230435934  0.999999006026  0.000688458674 -0.066389148527 -0.000605252683  0.997793623264 
8.50195  2.018476e+02 -6.280618e-01  3.624095e+03  7.146145e+01 -8.274541e-01 -1.551179e+03  0.993891369628 -0.000984861357 -0.110358395366  0.001107328340  0.999998837301  0.001048437396  0.110357234487 -0.001164235859  0.993891304596 
8.62695  2.120793e+02 -7.524273e-01  4.002413e+03  8.593604e+01 -1.123572e+00 -3.204573e+03  0.984314319698 -0.000906387720 -0.176421366332  0.001127644713  0.999998698480  0.001153886866  0.176420090847 -0.001334727987  0.984314060677 
8.75195  2.231489e+02 -9.017709e-01  4.191934e+03  1.040015e+02 -1.459849e+00  3.306238e+03  0.998730298821 -0.001141150976 -0.050363558171  0.001198712830  0.999998662452  0.001112736569  0.050362221006 -0.001171695169  0.998730330883 
8.87695  2.375909e+02 -1.113822e+00  4.346121e+03  1.205212e+02 -1.865384e+00  2.487809e+03  0.982381972338 -0.000905552205 -0.186881888904  0.001162220134  0.999998525945  0.001263863708  0.186880468935 -0.001458794816  0.982381576704 
9.00195  2.546618e+02 -1.384549e+00  4.771759e+03  1.476783e+02 -2.415826e+00 -4.708973e+02  0.996133503217 -0.001933732464  0.087831113203  0.001851715513  0.999997770186  0.001015269972 -0.087832880617 -0.000848706199  0.996134862747 
9.12695  2.729083e+02 -1.698886e+00  4.901901e+03  1.681420e+02 -3.052003e+00 -8.456576e+03  0.991873757674 -0.001613228707 -0.127215747181  0.001857250856  0.999996656058  0.001799581254  0.127212418643 -0.002021228976  0.991873437076 
9.25195  2.962704e+02 -2.149024e+00  5.729724e+03  1.980291e+02 -4.044838e+00  1.651175e+03  0.992305690466 -0.002593987824 -0.123784845176  0.002888598123  0.999993406646  0.002200605685  0.123778320674 -0.002541238216  0.992306640832 
9.37695  3.236825e+02 -2.755632e+00  6.310084e+03  2.226480e+02 -5.585597e+00  1.708336e+03  0.968494590539 -0.002911302936 -0.249017574506  0.003925349955  0.999985902811  0.003575724743  0.249003654040 -0.004440551195  0.968492365370 
9.50195  3.524964e+02 -3.533405e+00  6.621078e+03  2.611578e+02 -8.239543e+00 -2.567328e+03  0.999916329834 -0.009994938653  0.008211853123  0.009957808009  0.999940067506  0.004550104955 -0.008256838986 -0.004467952190  0.999955930036 
9.62695  3.892293e+02 -4.925146e+00  7.106881e+03  2.918757e+02 -1.518213e+01 -1.143911e+04  0.985658122437 -0.024719410875 -0.166934167862  0.027701286923  0.999495175120  0.015557429547  0.166465324848 -0.019958598078  0.985845297187 
9.75195  4.312020e+02 -7.656857e+00  7.692131e+03  3.466039e+02 -8.140961e+01 -1.584228e+04  0.410877515607 -0.873207417263  0.262084859550  0.807412529045  0.215018103234 -0.549410796420  0.423396593172  0.437351142354  0.793384713221 
9.87695  4.693540e+02 -1.757882e+01  8.874231e+03  3.065643e+02 -2.872732e+02  1.105422e+04 -0.741112622958  0.533217528417  0.407959737573  0.665521306435  0.503357914132  0.551100899075  0.088506896759  0.679933730351 -0.727912530156 
10.002  5.165973e+02 -4.329670e+01  1.054498e+04  5.016833e+02 -4.285376e+02  1.541319e+04 -0.482333662760  0.255909236167  0.837773657149  0.197415152437 -0.900017849962  0.388580914788  0.853452690755  0.352814870143  0.383588545254 
10.127  6.178326e+02 -7.653864e+01  1.085742e+04  7.211593e+02  1.486286e+02 -2.454071e+04  0.518372640229  0.756676790597  0.398409387984  0.484444223849  0.124083304652 -0.865977555994 -0.704701071264  0.641906198816 -0.302246310285 
10.252  7.159456e+02 -4.065003e+01  1.383773e+04  1.230214e+03  4.616666e+02  4.281288e+04 -0.384990014281  0.891959071112  0.237047894666 -0.338907602956 -0.375531684236  0.862622507702  0.858442965818  0.251763717792  0.446867659202 
10.377  8.301903e+02  6.926044e+01  1.833863e+04  7.915873e+02  1.094747e+03  8.662081e+04  0.199329855348 -0.195107690376 -0.960312760471 -0.979188023868 -0.001465967247 -0.202949907254  0.038189300613  0.980780729876 -0.191339324820 
10.502  9.574077e+02  1.734689e+02  1.327449e+04  9.565529e+02  7.817163e+02 -4.235136e+04 -0.682980149845 -0.423223027515  0.595332162661  0.557544671293  0.224487359424  0.799217970876 -0.471891994454  0.877774284449  0.082645333382 
10.627  1.078489e+03  3.114212e+02  1.618505e+04  1.238922e+03  1.499993e+03 -2.457074e+04 -0.554249672664  0.766369223002  0.324785335856 -0.554383131059 -0.048835548090 -0.830827559269 -0.620859601157 -0.640541414179  0.451929255938 
10.752  1.243996e+03  5.067620e+02  2.474334e+04  1.651389e+03  1.403783e+03  1.406157e+04  0.854829617262 -0.084649708357 -0.511957764202  0.512182447115  0.295980692489  0.806265818785  0.083279447155 -0.951435681772  0.296369156851 
10.877  1.443247e+03  6.860394e+02  2.604433e+04  1.817724e+03  1.270119e+03  7.488544e+04  0.630537354594  0.572364881469 -0.524233809404 -0.336141337156 -0.407418675072 -0.849128391150 -0.699593915008  0.711623823142 -0.064497196994 
11.002  1.603970e+03  8.229207e+02  2.413951e+04  1.186736e+03  6.789509e+02 -1.202989e+03 -0.985897852426 -0.035696124442 -0.163496823459  0.166518575225 -0.306416263163 -0.937219631556 -0.016642977086 -0.951228080099  0.308039203584 
11.127  1.850364e+03  9.322898e+02  2.827988e+04  2.490256e+03  1.608322e+03  1.438146e+05 -0.450008639034  0.502361583487  0.738325852338  0.888528521743  0.334728318442  0.313805702438 -0.089494641431  0.797238855218 -0.596993230184 
11.252  2.161078e+03  1.133002e+03  2.947314e+04  1.295611e+03  1.979524e+03  9.815314e+04 -0.990934761004  0.133957677297  0.010180379514 -0.059978893262 -0.508945301434  0.858706709250  0.120211612571  0.850311719807  0.512366223869 
11.377  2.331952e+03  1.340728e+03  3.168237e+04  8.576436e+02  2.056289e+03  2.700364e+04  0.223451550987 -0.115162448809  0.967887914351 -0.777925503188  0.577226859595  0.248276185027 -0.587282994689 -0.808422391418  0.039394431110 
11.502  2.451969e+03  1.609414e+03  3.293716e+04  1.463146e+03  2.809287e+03  7.679340e+04  0.916223440770 -0.111504864040  0.384839280582 -0.393489250228 -0.069414182053  0.916704904146 -0.075503751818 -0.991336641422 -0.107474866066 
11.627  2.546708e+03  2.096224e+03  3.427005e+04  9.270781e+02  4.811378e+03 -1.370296e+03 -0.819998170252 -0.124484119622 -0.558665109654  0.024850880666 -0.982885248873  0.182534986448 -0.571826402427  0.135795034922  0.809057645646 
11.752  2.744706e+03  2.593739e+03  3.029237e+04  2.309033e+03  4.276135e+03 -9.383643e+04  0.328538928505  0.654110661044 -0.681323282712  0.894286915056 -0.447491128433  0.001613546823 -0.303830686429 -0.609828609596 -0.731980861021 
11.877  2.950394e+03  3.283731e+03  2.914547e+04  2.350172e+03  5.570688e+03 -1.507729e+05 -0.814409882670 -0.301114907601  0.496050758926  0.510579160509  0.034397329688  0.859142447191 -0.275763420098  0.952967279675  0.125729471505 
12.002  3.265207e+03  4.119968e+03  2.595165e+04  3.345555e+03  6.831437e+03 -2.915832e+05 -0.860062785469 -0.373965844275 -0.347046902259 -0.434554075849  0.180559612432  0.882361026746 -0.267310232155  0.909696528340 -0.317800985070 
12.127  3.820372e+03  4.927559e+03  3.596840e+04  4.785591e+03  6.301327e+03 -5.045915e+04  0.367161892795 -0.364870593489 -0.855605980862  0.912904800163  0.317695748963  0.256269851778  0.178317049995 -0.875179330822  0.449737888756 
12.252  4.414207e+03  5.872789e+03  3.272569e+04  4.142359e+03  8.136502e+03 -1.212785e+05 -0.221669993778 -0.157706165855 -0.962284354601  0.903905240946  0.336972917874 -0.263447467268  0.365811056761 -0.928212269834  0.067854645237 
12.377  5.015773e+03  6.883527e+03  3.654324e+04  2.967446e+03  8.148007e+03  1.577092e+05 -0.123109329889  0.986730321921  0.105864841643 -0.409966164727 -0.147715498751  0.900059928676  0.903754301054  0.067404771571  0.422711201763 
12.502  5.284767e+03  7.852206e+03  4.145471e+04  3.914084e+03  8.216171e+03  1.556630e+05 -0.895290717981 -0.110343670411  0.431600283477 -0.426939023874 -0.064088198442 -0.902006525871  0.127191195415 -0.991825073902  0.010267550261 
12.627  5.674006e+03  8.837212e+03  5.422845e+04  3.710152e+03  7.839452e+03 -4.280531e+05 -0.212746592942 -0.829879089477  0.515790251982 -0.877423983821 -0.070026235791 -0.474577158023  0.429960509591 -0.553531411168 -0.713257973698 
12.752  6.036380e+03  9.857909e+03  2.928097e+04  2.001567e+03  7.418760e+03 -1.458504e+05  0.735362425559 -0.473146865807 -0.485153734864  0.296135908039 -0.419576867043  0.858055229348 -0.609545426564 -0.774653016530 -0.168425285916 
12.877  6.192655e+03  1.055004e+04  3.871021e+04  2.925046e+03  5.971273e+03 -2.828535e+05 -0.502371118331  0.478122774413  0.720431726158  0.824316062880  0.013317774961  0.565973201970  0.261010129966  0.878192034499 -0.400814748479 
13.002  6.562252e+03  1.132230e+04  4.587647e+04  3.135338e+03  6.818831e+03  2.469867e+05  0.741137262346  0.670382859976 -0.036088494195 -0.552687698043  0.578738612406 -0.599664845512 -0.381119229107  0.464379628710  0.799437110500 
13.127  6.783757e+03  1.235090e+04  4.132625e+04 -4.538293e+02  1.075518e+04  1.083158e+05 -0.639291454757  0.254438292577 -0.725649771684  0.768308637765  0.250318673349 -0.589103046087  0.031753314966 -0.934131530912 -0.355513726803 
13.252  6.934119e+03  1.360737e+04  2.154023e+04  3.227403e+03  9.672039e+03 -2.863470e+05  0.754623071351 -0.076022535965 -0.651739667513 -0.646880377119  0.080248862043 -0.758357368158  0.109953616962  0.993871568245  0.011380156013 
13.377  7.771045e+03  1.450281e+04  2.865386e+04  7.387971e+03  4.512290e+03 -1.011071e+04 -0.740876292557 -0.461526646310  0.487950278075 -0.299272491621  0.877243317154  0.375340030197 -0.601280545908  0.132050434514 -0.788051005873 
13.502  8.609406e+03  1.531165e+04  2.181910e+04  5.652552e+03  7.642693e+03 -9.459542e+03  0.129450290105  0.026214468766  0.991239337405  0.589053792152 -0.806178338685 -0.055606799814  0.797657979552  0.591091606997 -0.119801752055 
13.627  9.666030e+03  1.661310e+04  2.700174e+04  1.347093e+04  1.209513e+04 -5.131597e+04 -0.275445700310  0.921205097499 -0.274792348005 -0.941965835948 -0.315704717832 -0.114152945848 -0.191911516299  0.227402065689  0.954703236840 
13.752  1.126683e+04  1.756023e+04  2.128762e+04  1.251431e+04  5.104230e+03 -6.094226e+04  0.438748648457  0.110092588617  0.891840369914  0.478047871719 -0.868970169276 -0.127910426681  0.760900687227  0.482462917580 -0.433889015000 
13.877  1.338959e+04  1.810907e+04  2.175708e+04  1.603642e+04  5.529051e+03 -2.683087e+05  0.221434895607 -0.407554680090 -0.885926503579  0.271946512482 -0.846631356407  0.457449932449 -0.936489018279 -0.342220001001 -0.076640652127 
14.002  1.536587e+04  1.824519e+04  5.448401e+04  1.719222e+04  2.125041e+03  7.273510e+05  0.467292401635  0.708357612506  0.529024861588  0.819172472327 -0.571985376551  0.042298813156  0.332557170959  0.413596689804 -0.847551477037 
14.127  1.746543e+04  1.839214e+04  2.451644e+04  1.994480e+04  2.584501e+02 -8.086945e+04  0.770070281117  0.019295154026 -0.637667200953  0.636671063081  0.040239221854  0.770084906007  0.040518138842 -0.999003754776  0.018702362659 
14.252  1.960512e+04  1.856244e+04  2.868421e+04  1.129726e+04  2.492724e+03  1.201605e+05 -0.017053204501 -0.956776732582  0.290323048012  0.891226894290  0.117077850078  0.438186489883 -0.453237036341  0.266216192242  0.850708603388 
14.377  2.037755e+04  1.850808e+04  3.168737e+04  1.171176e+04 -5.021383e+03 -1.831381e+05 -0.550153328751 -0.828704358471 -0.102861076774 -0.767107091563  0.452861472560  0.454382214379 -0.329966702770  0.328885349205 -0.884848236785 
14.502  2.187858e+04  1.795926e+04  2.090476e+04  1.366427e+04 -9.465384e+03 -1.456712e+05 -0.912709293801  0.078989091351 -0.400902068411  0.383629535143 -0.172137841538 -0.907302013266 -0.140677378334 -0.981900853935  0.126809259391 
14.627  2.341526e+04  1.701528e+04  2.833394e+04  1.485183e+04 -5.923458e+03 -1.369471e+05 -0.007023415895  0.998560983270 -0.053166101222  0.278472299453 -0.049111121739 -0.959187821107 -0.960418580655 -0.021542061449 -0.277726645322 
14.752  2.565872e+04  1.613339e+04  2.358774e+04  1.924788e+04 -6.455422e+03 -1.835966e+05  0.374430304271  0.087620947614 -0.923105907674 -0.526198818030  0.839781174715 -0.133725025698  0.763489850062  0.535807939595  0.360545559839 
14.877  2.728129e+04  1.559465e+04  2.359587e+04  1.226034e+04 -5.891300e+03 -1.473264e+05  0.312635649201  0.402040334255 -0.860594283319 -0.404745803730 -0.763258685667 -0.503604024126 -0.859325191770  0.505766495911 -0.075897736482 
15.002  2.906114e+04  1.497673e+04  3.618090e+04  2.229596e+04  1.508888e+03 -1.238486e+04  0.950732196222  0.110978623683 -0.289468540869 -0.225610651942 -0.392713178726 -0.891558294777 -0.212622023314  0.912940361875 -0.348327103254 
15.127  3.186511e+04  1.523471e+04  4.127990e+04  1.829039e+04  2.555777e+03 -4.039282e+05 -0.974513164643 -0.149733425448 -0.167044883914  0.142925459383 -0.988359734710  0.052128186854 -0.172905769130  0.026924637567  0.984570291494 
15.252  3.325157e+04  1.529005e+04  3.574483e+04  7.659812e+03  9.025054e+03 -2.169826e+05  0.821892083575 -0.541489115291  0.176869841912 -0.461589760807 -0.451127184964  0.763818797690 -0.333808771117 -0.709417931129 -0.620723693215 
15.377  3.380346e+04  1.645636e+04  4.534484e+04  1.381613e+03  1.094152e+04  4.839445e+05  0.409023557210  0.075484583561 -0.909396397228  0.158291643199 -0.987333791991 -0.010758200908 -0.898689871613 -0.139549492432 -0.415791358522 
15.502  3.307819e+04  1.782415e+04  3.141134e+04 -1.652667e+04  1.763427e+04  8.388990e+04  0.106879091159  0.481462625317  0.869925629175  0.138364875004  0.859221492297 -0.492537905689 -0.984597390428  0.173009154665  0.025215296230 
15.627  3.011394e+04  2.083122e+04  3.193204e+04 -1.958287e+04  3.330326e+04  2.733337e+04 -0.941375215317 -0.051509352267 -0.333405894694  0.337050281845 -0.101167099756 -0.936035429583  0.014484871269 -0.993535104843  0.112597442015 
15.752  2.679846e+04  2.560764e+04  3.353363e+04 -3.284130e+04  3.223260e+04 -3.444270e+05 -0.158682784945  0.814976622216  0.557344488628  0.676729479506 -0.321263330188  0.662440249566  0.718927663489  0.482289309355 -0.500539745426 
15.877  2.349703e+04  3.026746e+04  4.282546e+04 -4.204869e+04  5.005011e+04  4.020728e+05 -0.855290972484 -0.080323130320  0.511884310292  0.048105845794  0.971334837969  0.232797036381 -0.515910050288  0.223733831332 -0.826909906054 
16.002  1.846676e+04  3.651539e+04  3.125137e+04 -3.801261e+04  4.503091e+04  4.951689e+04  0.414321391828  0.512806282521 -0.751909237129  0.193821246999 -0.856918748760 -0.477622845177 -0.889253118344  0.052153376012 -0.454432521817 
16.127  1.286555e+04  4.360236e+04  3.064944e+04 -4.004618e+04  5.705190e+04 -1.115573e+04 -0.928210140154 -0.349395952013  0.127860879209  0.317240664265 -0.922797163722 -0.218640699694  0.194381832103 -0.162381844252  0.967392288581 
16.252  8.856444e+03  4.984159e+04  3.760632e+04 -2.576686e+04  5.312392e+04 -3.552346e+05  0.874395712210 -0.477788699055  0.084558249293  0.345477967303  0.735420456412  0.582925146480 -0.340700913672 -0.480494236537  0.808113962309 
16.377  6.830447e+03  5.642850e+04  2.962744e+04 -1.237031e+04  5.652473e+04  1.085289e+05  0.851789415032 -0.074684836779  0.518533477796  0.385642614980  0.759323943887 -0.524124910447 -0.354590702009  0.646412657205  0.675585753738 
16.502  6.048901e+03  6.239112e+04  4.280160e+04  1.508221e+03  4.873636e+04  2.926710e+05  0.503928692369  0.374222500087 -0.778468620714 -0.847514282792  0.388127398428 -0.362045111903  0.166659573595  0.842208194580  0.512747446129 
16.627  5.302935e+03  6.859970e+04  3.007364e+04 -4.909823e+03  5.703198e+04  6.771100e+04 -0.468626827446 -0.805366158855 -0.363007226882  0.166680721687 -0.484152546375  0.858960912298 -0.867528923792  0.342025820676  0.361125884388 
16.752  4.860066e+03  7.601051e+04  2.709432e+04 -1.416368e+04  5.033625e+04  9.280221e+04 -0.469819808018  0.126409325057 -0.873664712880 -0.293500602354 -0.955759070107  0.019544726289 -0.832542337909  0.265603619039  0.486135755877 
16.877  3.403832e+03  8.088834e+04  3.700573e+04 -2.059740e+04  2.013945e+04  1.694181e+05 -0.580950980903  0.751258957202 -0.313218672835 -0.438101733171  0.035703295194  0.898216090985  0.685975822592  0.659041162551  0.308385986846 
17.002  3.146114e+03  8.324158e+04  5.840924e+04  2.103702e+04  2.638470e+04  2.464106e+05  0.471725725322  0.657595157417  0.587403991314  0.435019728668  0.405893768382 -0.803746281147 -0.766963281872  0.634680122369 -0.094596334659 
17.127  4.360432e+03  8.842598e+04  3.391366e+04 -5.933633e+03  3.413053e+04  8.344754e+04  0.057507614329 -0.874155717879 -0.482228841104 -0.154922073049  0.469363134731 -0.869308575270  0.986251502192  0.124699754027 -0.108434061849 
17.252  4.328413e+03  9.368850e+04  2.124963e+04 -1.747733e+04  3.898871e+04 -1.927344e+05  0.783241315721 -0.531865445585 -0.321950600465  0.202840368893 -0.270897039899  0.940994462535 -0.587697903769 -0.802330319486 -0.104293970772 
17.377  1.562627e+03  9.682261e+04  3.711959e+04 -2.578434e+04 -1.115530e+04  3.611617e+05 -0.472880597191 -0.093335642726 -0.876169160948  0.871135224604 -0.198844427076 -0.448981418629 -0.132315385551 -0.975576420183  0.175337637513 
17.502 -3.319033e+03  9.912123e+04  2.670198e+04 -4.207612e+04  5.274888e+04 -8.821583e+04 -0.554488609221  0.681900652939 -0.477026080802  0.663072456888  0.015638190690 -0.748391851845 -0.502869067612 -0.731277612479 -0.460820739904 
17.627 -6.318510e+03  1.061867e+05  3.993678e+04 -1.365802e+02  5.351705e+04  3.655237e+05 -0.231866495027  0.971288557312  0.053258491513  0.919757545529  0.201082847999  0.337063414927  0.316676468854  0.127138612054 -0.939974354650 
17.752 -7.272179e+03  1.098023e+05  4.106489e+04  1.437807e+03  1.145873e+04 -1.937611e+05 -0.874968199593 -0.124194704550  0.467981116140  0.455847599844  0.114482885612  0.882664508530 -0.163198086441  0.985631444437 -0.043555026326 
17.877 -6.976332e+03  1.074611e+05  2.895380e+04  2.520902e+04 -5.421239e+04  1.267915e+03  0.463139716647 -0.107168263177  0.879782112930 -0.332715341083  0.899036797999  0.284663551676 -0.821463392168 -0.424556002445  0.380723122644 
18.002 -9.988354e+02  1.002442e+05  4.209328e+04  8.234107e+04 -4.481325e+04  3.124225e+05 -0.192230143648 -0.947078158346 -0.257080792470 -0.962354874951  0.233218850587 -0.139578158713  0.192147512427  0.220571824390 -0.956256975793 
18.127  1.016901e+04  9.296589e+04  3.563541e+04  1.160406e+05 -8.387342e+04  3.882779e+05 -0.163200220214  0.980099964173 -0.113003311235  0.440120851864  0.174835080699  0.880753274369  0.882983195693  0.094004014727 -0.459895554815 
18.252  2.813681e+04  8.366097e+04  3.599266e+04  1.461280e+05 -6.103021e+04 -3.667780e+04 -0.666658225955 -0.702892263745 -0.248010635527 -0.001960612506  0.334390327574 -0.942432631451  0.745360963403 -0.627794213411 -0.224302161919 
18.377  4.950606e+04  7.829635e+04  2.563550e+04  1.678331e+05 -2.949875e+04  7.500627e+04 -0.269283817790 -0.945769630457  0.181675621868  0.246987342217  0.114513910705  0.962228567982 -0.930850943095  0.303984161364  0.202756384311 
18.502  7.015593e+04  7.050877e+04  2.817150e+04  2.224280e+05 -1.019322e+05  9.817068e+04  0.869928871561  0.326974713870  0.369203595478 -0.484946361005  0.430933310074  0.761001648630  0.089726168824 -0.841061245546  0.533446525782 
18.627  1.011272e+05  5.548843e+04  2.514252e+04  2.645607e+05 -1.376529e+05 -1.779152e+05  0.467826345405 -0.001995195230 -0.883818154227  0.002764973844 -0.999989254422  0.003721015894 -0.883816081244 -0.004184523346 -0.467815801678 
18.752  1.327592e+05  3.778869e+04  2.785629e+04  1.663180e+05 -1.444063e+05 -2.334012e+04 -0.396944520770 -0.537992242314  0.743639290678  0.911438484108 -0.326587440956  0.250240950077  0.108235563086  0.777113241825  0.619983929037 
18.877  1.461231e+05  2.017879e+04  4.019784e+04  1.244915e+05 -1.469553e+05  1.786604e+05  0.110497430640  0.226013980950 -0.967836762185  0.774511243779  0.590671291654  0.226362007581  0.622834368899 -0.774612874687 -0.109782709417 
