0.00195312  0.000000e+00  0.000000e+00  0.000000e+00  0.000000e+00  0.000000e+00  0.000000e+00  0.998750260395  0.000000000000 -0.049979169271  0.000000000000  1.000000000000  0.000000000000  0.049979169271 -0.000000000000  0.998750260395 
0.126953  8.187248e-02  1.732285e-04  1.512021e+00  1.518771e+00  5.093513e-03  2.499368e+01  0.998776314053  0.001565109816 -0.049431011709 -0.001564073093  0.999998775058  0.000059653644  0.049431044523  0.000017733068  0.998777538555 
0.251953  3.608962e-01  8.147791e-04  7.278883e+00  2.830653e+00  3.562232e-03  5.772820e+01  0.999174268570  0.000179925927 -0.040629406276 -0.000190163687  0.999999951138 -0.000248114491  0.040629359648  0.000255635853  0.999174253964 
0.376953  7.606708e-01  1.637205e-03  1.685429e+01  3.227772e+00  1.431341e-03  9.046993e+01  0.999707202066  0.002066252080 -0.024108934855 -0.002058552330  0.999997821946  0.000344187311  0.024109593522 -0.000294457029  0.999709278138 
0.501953  1.134839e+00  1.871642e-03  2.797497e+01  3.200832e+00  1.543849e-03  1.055238e+02  0.999569478047  0.005396410186 -0.028839856354 -0.005388951319  0.999985422930  0.000336349285  0.028841251032 -0.000180787897  0.999583988244 
0.626953  1.551854e+00  2.462913e-03  4.257021e+01  3.166038e+00  4.251781e-03  1.193508e+02  0.999763423685  0.008244722201 -0.020127623225 -0.008232078330  0.999965863128  0.000710960100  0.020132797800 -0.000545099732  0.999797166089 
0.751953  1.952936e+00  2.567241e-03  5.931229e+01  3.091306e+00  1.875726e-03  1.355970e+02  0.999722988974  0.010510180037 -0.021058998855 -0.010497439665  0.999944644420  0.000715441481  0.021065352541 -0.000494177725  0.999777978709 
0.876953  2.301554e+00  2.629226e-03  7.553498e+01  2.889243e+00  8.349058e-03  1.431900e+02  0.999682809280  0.012387437774 -0.021927886727 -0.012380789313  0.999923258752  0.000438934451  0.021931641227 -0.000167310679  0.999759458630 
1.00195  2.662977e+00  3.233554e-03  9.454399e+01  2.655354e+00  5.843263e-03  1.530002e+02  0.999730111717  0.013780193605 -0.018703208050 -0.013777750543  0.999905048623  0.000259477830  0.018705007810 -0.000001719665  0.999825046035 
1.12695  2.996334e+00  3.583721e-03  1.139032e+02  2.423306e+00  1.647544e-04  1.523508e+02  0.999758544823  0.015168507150 -0.015898693147 -0.015167434828  0.999884950164  0.000188030778  0.015899716152  0.000053157015  0.999873590111 
1.25195  3.273820e+00  3.776499e-03  1.319352e+02  2.228051e+00 -2.050471e-03  1.551409e+02  0.999783094491  0.016241838141 -0.013037126345 -0.016240931970  0.999868091985  0.000175382943  0.013038255185  0.000036390181  0.999914997676 
1.37695  3.551012e+00  4.455939e-03  1.521412e+02  2.002602e+00  3.324140e-03  1.544331e+02  0.999787256592  0.017084863517 -0.011556340048 -0.017083380858  0.999854042631  0.000227007388  0.011558531705 -0.000029537735  0.999933197505 
1.50195  3.799064e+00  6.044101e-03  1.722349e+02  1.783743e+00  5.271369e-03  1.546902e+02  0.999783676563  0.017984517356 -0.010447832943 -0.017984226678  0.999838263301  0.000121779392  0.010448333289  0.000066143148  0.999945412488 
1.62695  4.000447e+00  7.601368e-03  1.901742e+02  1.606523e+00  2.987346e-03  1.480255e+02  0.999788367054  0.018469673428 -0.009060478247 -0.018467768714  0.999829413036  0.000293849579  0.009064359953 -0.000126460574  0.999958909849 
1.75195  4.197133e+00  9.262720e-03  2.087718e+02  1.407111e+00  5.647789e-03  1.506421e+02  0.999795292597  0.018550853975 -0.008077048880 -0.018550658141  0.999827916818  0.000099170065  0.008077498645  0.000050684808  0.999967375191 
1.87695  4.368898e+00  1.101313e-02  2.286966e+02  1.222074e+00  7.130048e-04  1.603432e+02  0.999792763206  0.019072679951 -0.007117831089 -0.019073283116  0.999818088247 -0.000016862399  0.007116214661  0.000152619313  0.999974667777 
2.00195  4.505642e+00  1.285433e-02  2.448825e+02  1.086870e+00  1.798606e-03  1.446029e+02  0.999790153340  0.019606795941 -0.005934883107 -0.019603778967  0.999807667195  0.000566098993  0.005944841021 -0.000449634062  0.999982228189 
2.12695  4.635634e+00  1.497882e-02  2.615880e+02  9.204574e-01  5.867431e-03  1.113152e+02  0.999793174378  0.019715750828 -0.004989753080 -0.019711030594  0.999805225240  0.000993405741  0.005008366942 -0.000894847103  0.999987057671 
2.25195  4.743702e+00  1.801830e-02  2.791576e+02  7.623202e-01  1.991333e-02  1.206851e+02  0.999786737298  0.020087815749 -0.004791615737 -0.020079926957  0.999796951555  0.001688843917  0.004824567992 -0.001592268455  0.999987094029 
2.37695  4.822161e+00  2.142622e-02  2.927508e+02  6.076374e-01  3.259498e-02  1.039284e+02  0.999764800600  0.020173537557 -0.007960644662 -0.020163018286  0.999795726226  0.001399469192  0.007987250755 -0.001238629414  0.999967334278 
2.50195  4.888934e+00  2.430811e-02  3.042712e+02  4.265246e-01  3.195825e-02  6.927726e+01  0.999758757461  0.020472061025 -0.007957486885 -0.020483270408  0.999789311554 -0.001329713034  0.007928588368  0.001492387606  0.999967454603 
2.62695  4.937504e+00  2.785795e-02  3.169377e+02  2.990329e-01  2.457081e-02  7.927471e+01  0.999786207692  0.020669085804 -0.000572539697 -0.020669229769  0.999786338218 -0.000246683495  0.000567318645  0.000258464710  0.999999805673 
2.75195  4.967899e+00  3.173915e-02  3.246129e+02  2.217507e-01  3.872354e-02  6.415519e+01  0.999754684375  0.020734839009 -0.007787009773 -0.020728159526  0.999784709064  0.000937510257  0.007804772425 -0.000775869890  0.999969241304 
2.87695  4.991014e+00  3.695566e-02  3.349986e+02  1.322663e-01  4.492312e-02  7.453130e+01  0.999781443145  0.020838628543  0.001678541971 -0.020836684783  0.999782211287 -0.001167288063 -0.001702501086  0.001132057694  0.999997909966 
3.00195  5.004841e+00  4.277720e-02  3.432486e+02  7.715039e-02  4.162818e-02  5.983885e+01  0.999747950051  0.020900483639 -0.008197935913 -0.020897723649  0.999781529584  0.000422194409  0.008204968974 -0.000250769795  0.999966307232 
3.12695  5.011758e+00  4.699680e-02  3.501942e+02  4.208351e-02  1.696982e-02  5.648941e+01  0.999780201696  0.020684687026  0.003419359508 -0.020696037112  0.999780308379  0.003317985181 -0.003349976819 -0.003388023085  0.999988649413 
3.25195  5.013692e+00  4.972637e-02  3.565777e+02 -3.605644e-03  3.841565e-02  6.357211e+00  0.999785073701  0.020533165775 -0.002862779648 -0.020545965240  0.999778711565 -0.004515663106  0.002769425289  0.004573511143  0.999985706538 
3.37695  5.015015e+00  5.588545e-02  3.635995e+02  2.948817e-02  4.760251e-02  2.056848e+00  0.999764057601  0.020530326909 -0.007094702708 -0.020511581311  0.999785956252  0.002704942334  0.007148717481 -0.002558780552  0.999971173825 
3.50195  5.018709e+00  6.002792e-02  3.674070e+02  2.093350e-02  2.371964e-02 -1.413354e+00  0.999785316725  0.020393359136  0.003664882478 -0.020404620477  0.999787114828  0.003062104889 -0.003601655674 -0.003136228043  0.999988596010 
3.62695  5.019492e+00  6.294218e-02  3.721773e+02 -1.262376e-02  3.080060e-02 -4.839596e+00  0.999795017477  0.020240769026  0.000484041940 -0.020238536041  0.999786178019 -0.004242629031 -0.000569812515  0.004231963066  0.999990882860 
3.75195  5.018144e+00  6.806618e-02  3.767325e+02 -2.947759e-03  4.887894e-02 -7.930713e+00  0.999759091101  0.020069144535 -0.008887586744 -0.020081801297  0.999797446141 -0.001337141317  0.008858951247  0.001515297938  0.999959610612 
3.87695  5.018860e+00  7.366969e-02  3.818875e+02  1.060462e-02  4.153914e-02  2.421515e+00  0.999784824177  0.020037228550 -0.005367943416 -0.020010832577  0.999787624410  0.004926728812  0.005465521387 -0.004818251682  0.999973455911 
4.00195  5.020026e+00  7.803013e-02  3.844949e+02  7.539756e-04  2.474435e-02 -1.703709e-01  0.999795768305  0.019917733131  0.003421342730 -0.019930785886  0.999794047916  0.003824333307 -0.003344466047 -0.003891742307  0.999986834358 
4.12695  5.018062e+00  8.097454e-02  3.894532e+02 -2.942763e-02  2.260614e-02 -2.560911e+00  0.999797697986  0.019874518424  0.003092995076 -0.019866217245  0.999799023512 -0.002691838906 -0.003145872459  0.002629848229  0.999991593657 
4.25195  5.014289e+00  8.401871e-02  3.940033e+02 -3.062503e-02  2.979331e-02 -4.582304e+00  0.999800898172  0.019556776211 -0.003961883311 -0.019575185713  0.999797516463 -0.004662421943  0.003869899152  0.004739048248  0.999981282476 
4.37695  5.010575e+00  8.846724e-02  3.956044e+02 -2.547326e-02  3.904796e-02 -6.661358e+00  0.999769616411  0.019247968587 -0.009498937168 -0.019257580485  0.999814130981 -0.000921457669  0.009479435422  0.001104171927  0.999954459517 
4.50195  5.008010e+00  9.351426e-02  3.976020e+02 -1.527746e-02  3.776155e-02 -8.609326e+00  0.999782533691  0.019416333030 -0.007608635697 -0.019385616269  0.999803714543  0.004090264965  0.007686560179 -0.003941877378  0.999962688502 
4.62695  5.005903e+00  9.771042e-02  4.041862e+02 -1.874011e-02  3.583160e-02  3.453954e+01  0.999810039591  0.019408615258 -0.001786165640 -0.019397586518  0.999793860239  0.005997554932  0.001902201676 -0.005961768332  0.999980419282 
4.75195  5.003275e+00  1.019502e-01  4.017816e+02 -2.260977e-02  2.972497e-02  3.275488e+00  0.999802697230  0.019559795133  0.003461361878 -0.019573221094  0.999800864861  0.003888398019 -0.003384616330 -0.003955380828  0.999986449576 
4.87695  4.999539e+00  1.059900e-01  4.055640e+02 -3.366376e-02  3.353245e-02  1.608692e+00  0.999799023482  0.019552394281  0.004429054418 -0.019550234180  0.999808735173 -0.000530486379 -0.004438579574  0.000443790712  0.999990050981 
5.00195  4.995126e+00  1.098879e-01  4.082304e+02 -4.234764e-02  3.498897e-02  1.536530e-01  0.999808584526  0.019473171734  0.001894700559 -0.019465359213  0.999802296905 -0.004057942234 -0.001973346977  0.004020284454  0.999989971557 
5.12695  4.989338e+00  1.145267e-01  4.098913e+02 -4.621479e-02  3.884840e-02 -1.391085e+00  0.999806093513  0.019492030040 -0.002799310513 -0.019508201708  0.999792460180 -0.005870829055  0.002684295168  0.005924300177  0.999978848390 
5.25195  4.983269e+00  1.196459e-01  4.124097e+02 -4.285120e-02  4.081557e-02 -2.871533e+00  0.999792250386  0.019427515273 -0.006166661802 -0.019459482999  0.999797294820 -0.005166990589  0.006065029999  0.005285917199  0.999967636722 
5.37695  4.978607e+00  1.244001e-01  4.138144e+02 -3.428723e-02  4.001046e-02 -4.180846e+00  0.999784966062  0.019540981261 -0.006940582706 -0.019566194676  0.999802141293 -0.003583614348  0.006869182110  0.003718644542  0.999969492545 
5.50195  4.974782e+00  1.289661e-01  4.137257e+02 -2.007652e-02  3.226839e-02 -5.580500e+00  0.999804366914  0.019366774101 -0.004019447858 -0.019369174376  0.999812243621 -0.000559096475  0.004007865286  0.000636840484  0.999991765691 
5.62695  4.972667e+00  1.333267e-01  4.146452e+02 -1.292966e-02  3.364995e-02 -6.952395e+00  0.999808684136  0.019418032405  0.002352688750 -0.019424088603  0.999808007692  0.002579251156 -0.002302153070 -0.002624456539  0.999993906141 
5.75195  4.971145e+00  1.374206e-01  4.161136e+02 -1.085471e-02  3.770010e-02 -8.169190e+00  0.999763674976  0.019185353773  0.010223326198 -0.019238754613  0.999801649434  0.005150932829 -0.010122475926 -0.005346399599  0.999934473599 
5.87695  4.969703e+00  1.425015e-01  4.154126e+02 -8.596910e-03  3.820234e-02 -9.491902e+00  0.999599688039  0.018984284119  0.020977622075 -0.019141477674  0.999790002114  0.007318162704 -0.020834286739 -0.007716775840  0.999753161469 
6.00195  4.968887e+00  1.476404e-01  4.165319e+02  3.976992e-04  3.977683e-02 -1.200472e+01  0.999256935925  0.018828513705  0.033631281227 -0.019144992518  0.999775184912  0.009113116698 -0.033452133965 -0.009750215696  0.999392759643 
6.12695  4.969289e+00  1.524405e-01  4.187874e+02  7.278865e-03  4.439040e-02  5.685664e+00  0.998780544960  0.018311560467  0.045848770571 -0.018804720834  0.999769623170  0.010348094592 -0.045648718316 -0.011197648887  0.998894792846 
6.25195  4.971302e+00  1.582796e-01  4.180912e+02  2.274900e-02  4.484758e-02  4.414792e+00  0.998003775895  0.018016530958  0.060529892718 -0.018747281434  0.999757811760  0.011526372544 -0.060307567842 -0.012638134255  0.998099832093 
6.37695  4.973827e+00  1.639125e-01  4.194175e+02  2.034667e-02  4.251695e-02  3.146198e+00  0.996917172540  0.017793402603  0.076416921681 -0.018822525051  0.999741310640  0.012768098912 -0.076169965512 -0.014167096489  0.996994197441 
6.50195  4.976245e+00  1.690387e-01  4.179859e+02  2.302117e-02  4.532412e-02  1.998997e+00  0.995743017088  0.017141402517  0.090564983520 -0.018443104460  0.999738011773  0.013555800044 -0.090308891136 -0.015168392686  0.995798284817 
6.62695  4.979194e+00  1.751299e-01  4.192919e+02  1.856255e-02  5.140208e-02  7.407320e-01  0.994171994434  0.016650522455  0.106511997379 -0.018312515632  0.999725053163  0.014644789145 -0.106238868852 -0.016509941849  0.994203562941 
6.75195  4.981227e+00  1.821493e-01  4.166468e+02  1.315665e-02  6.028134e-02 -5.142153e-01  0.992353114697  0.016081835968  0.122379206990 -0.018128311731  0.999713534752  0.015627307747 -0.122092833801 -0.017726335931  0.992360376551 
6.87695  4.982478e+00  1.885735e-01  4.174412e+02  6.697176e-03  5.206219e-02 -1.641816e+00  0.990568875673  0.015841530955  0.136096834806 -0.018254030275  0.999697280004  0.016496627877 -0.135794303732 -0.018825361871  0.990558182453 
7.00195  4.982463e+00  1.950803e-01  4.159696e+02 -1.058089e-02  5.066671e-02 -2.869233e+00  0.988666583410  0.015412703669  0.149334642374 -0.018208741424  0.999683241304  0.017374083934 -0.149019557721 -0.019896372091  0.988634060608 
7.12695  4.979254e+00  2.012131e-01  4.175579e+02 -3.918520e-02  4.724203e-02 -4.077080e+00  0.987122390449  0.014963690910  0.159265420690 -0.018083362832  0.999671611377  0.018156579939 -0.158941430288 -0.020802820981  0.987068824539 
7.25195  4.973462e+00  2.063348e-01  4.148257e+02 -6.687881e-02  3.948708e-02 -5.151284e+00  0.986288239428  0.014697201583  0.164376096288 -0.017982977695  0.999666772432  0.018519087682 -0.164049142877 -0.021221130058  0.986223880445 
7.37695  4.962724e+00  2.113284e-01  4.126330e+02 -1.035814e-01  3.308097e-02 -6.300389e+00  0.986384109771  0.014752932923  0.163794807494 -0.017968314988  0.999673509464  0.018166291099 -0.163473323965 -0.020862057568  0.986327150040 
7.50195  4.946524e+00  2.148895e-01  4.142341e+02 -1.540976e-01  2.739601e-02 -7.422588e+00  0.987862844808  0.014916914418  0.154610754839 -0.017798000346  0.999692494565  0.017266948022 -0.154305641606 -0.019809138663  0.987824562862 
7.62695  4.925464e+00  2.180853e-01  4.116610e+02 -2.136031e-01  2.705695e-02 -8.414395e+00  0.990610051727  0.015748059929  0.135807672926 -0.017997691795  0.999720146617  0.015352899981 -0.135527888300 -0.017652961685  0.990616254882 
7.75195  4.894181e+00  2.208469e-01  4.116962e+02 -2.848517e-01  1.932072e-02 -9.469209e+00  0.994888442123  0.016574228220  0.099610655496 -0.017875090781  0.999766023150  0.012181136446 -0.099385455974 -0.013899421371  0.994951927093 
7.87695  4.853102e+00  2.226541e-01  4.075128e+02 -3.564010e-01  6.662168e-03 -4.845571e+01  0.999001767291  0.017923958343  0.040916997289 -0.018242079763  0.999806105636  0.007414692030 -0.040776163083 -0.008153701570  0.999135036757 
8.00195  4.808525e+00  2.232528e-01  4.067488e+02 -4.042936e-01  4.825480e-03  9.120015e+00  0.999366100787  0.018642741469 -0.030328943087 -0.018599863334  0.999825570304  0.001695302268  0.030355257900 -0.001130113420  0.999538534105 
8.12695  4.756222e+00  2.242520e-01  4.058398e+02 -3.965108e-01  1.171688e-02  8.147338e+00  0.992620214132  0.018566793035 -0.119834822541 -0.019246469556  0.999804566854 -0.004516802814  0.119727540301  0.006789867040  0.992783568457 
8.25195  4.708900e+00  2.261425e-01  4.030526e+02 -3.191896e-01  1.944081e-02  7.214599e+00  0.978938496575  0.017980094090 -0.203362081371 -0.020386979353  0.999744654490 -0.009746634919  0.203134908363  0.013687294688  0.979055088832 
8.37695  4.678470e+00  2.289400e-01  4.015670e+02 -1.754943e-01  3.228741e-02  6.393006e+00  0.966185645720  0.016527009661 -0.257317228255 -0.020304719304  0.999721450779 -0.012030761708  0.257046720227  0.016848703362  0.966252091752 
8.50195  4.669376e+00  2.345305e-01  3.991296e+02  5.899019e-02  5.750840e-02  5.532765e+00  0.960579289466  0.015346487481 -0.277582265232 -0.019155143905  0.999755856222 -0.011014009802  0.277345468885  0.015896957946  0.960638734185 
8.62695  4.692358e+00  2.425700e-01  3.965530e+02  3.196792e-01  7.011390e-02  4.726908e+00  0.968042125424  0.014207277933 -0.250384897025 -0.016310301517  0.999846965670 -0.006326081304  0.250256703145  0.010207766357  0.968125706733 
8.75195  4.741222e+00  2.509865e-01  3.955030e+02  5.260781e-01  6.963769e-02  4.015304e+00  0.983455460213  0.012751680509 -0.180700726125 -0.012929687413  0.999916389507  0.000192819643  0.180688076422  0.002146774373  0.983538108259 
8.87695  4.818396e+00  2.597611e-01  3.926312e+02  6.603365e-01  6.081170e-02  3.267125e+00  0.997836744468  0.010425517678 -0.064908704892 -0.009896696049  0.999915209748  0.008463375298  0.064991436336 -0.007802685132  0.997855315819 
9.00195  4.903590e+00  2.670446e-01  3.914279e+02  6.314611e-01  4.544938e-02  2.554142e+00  0.998229126754  0.007158449355  0.059053933839 -0.007983312548  0.999873678299  0.013743877382 -0.058948089195 -0.014190984728  0.998160176892 
9.12695  4.969402e+00  2.715813e-01  3.899999e+02  4.519133e-01  2.662660e-02  1.966711e+00  0.990176656221  0.004680712192  0.139743623853 -0.006637662760  0.999886283904  0.013541074325 -0.139664350881 -0.014335626745  0.990095126187 
9.25195  5.011529e+00  2.740829e-01  3.845781e+02  1.754119e-01  9.471302e-03  1.393039e+00  0.986468919966  0.002935845942  0.163922087438 -0.004129763903  0.999967368413  0.006943137524 -0.163896354418 -0.007526148894  0.986448854270 
9.37695  5.017371e+00  2.747308e-01  3.832477e+02 -1.086884e-01  3.047492e-03  8.587353e-01  0.992877018534  0.001903972101  0.119128506063 -0.001542264600  0.999993917253 -0.003128398522 -0.119133737818  0.002922387320  0.992873915543 
9.50195  4.992838e+00  2.758226e-01  3.805881e+02 -3.065603e-01  2.115070e-02  3.887112e-01  0.999904522575 -0.000363779419  0.013813522299  0.000540975382  0.999917595234 -0.012826148538 -0.013807718110  0.012832396706  0.999822322473 
9.62695  4.951478e+00  2.801225e-01  3.758987e+02 -2.871398e-01  5.341200e-02 -1.522574e-01  0.989991546539 -0.005359633717 -0.141024863436  0.002686568000  0.999813239595 -0.019138136888  0.141101098979  0.018567720850  0.989821054337 
9.75195  4.929674e+00  2.892980e-01  3.745336e+02  2.000375e-02  9.198093e-02 -6.636085e-01  0.963681559120 -0.011479769446 -0.266807172889  0.007274204873  0.999833321977 -0.016745572762  0.266954937312  0.014196589631  0.963604440778 
9.87695  4.953547e+00  3.011739e-01  3.717745e+02  4.297059e-01  1.075641e-01 -1.054141e+00  0.949892068120 -0.016788152892 -0.312126924256  0.014826452390  0.999852603635 -0.008657211682  0.312226256475  0.003595681727  0.950000966231 
10.002  5.035471e+00  3.148775e-01  3.683760e+02  8.837023e-01  9.927341e-02 -1.428338e+00  0.955203447511 -0.022526399278 -0.295091401431  0.024104201975  0.999707989101  0.001709963421  0.294966712207 -0.008746305696  0.955467498571 
10.127  5.175515e+00  3.266134e-01  3.642951e+02  1.327496e+00  7.566825e-02 -1.799397e+00  0.978211855398 -0.029185307329 -0.205547521987  0.031837625086  0.999446878741  0.009607403543  0.205153434257 -0.015942220988  0.978599976498 
10.252  5.346973e+00  3.332185e-01  3.617668e+02  1.575031e+00  3.276169e-02 -2.163840e+00  0.998147809089 -0.034802640427 -0.049897168555  0.035274537729  0.999340587840  0.008607931485  0.049564687011 -0.010352087508  0.998717265339 
10.377  5.547795e+00  3.353389e-01  3.572208e+02  1.457758e+00 -3.512698e-05 -2.546350e+00  0.989870436129 -0.036966294415  0.137076667438  0.037934945262  0.999270257892 -0.004460002342 -0.136811767062  0.009614820340  0.990550400345 
10.502  5.711734e+00  3.357496e-01  3.552197e+02  1.037432e+00  1.888433e-02 -2.820077e+00  0.968573115814 -0.037096569265  0.245947075347  0.044083393076  0.998763951860 -0.022961335318 -0.244791286156  0.033081913690  0.969011255460 
10.627  5.813014e+00  3.405769e-01  3.510453e+02  6.541023e-01  6.870410e-02 -2.978572e+00  0.958724653846 -0.038953708915  0.281655191092  0.051613826626  0.997956485531 -0.037667836255 -0.279612322704  0.050650385476  0.958776036123 
10.752  5.872761e+00  3.534003e-01  3.479913e+02  2.404207e-01  1.422564e-01 -3.099782e+00  0.957287557161 -0.043435424530  0.285856426901  0.060231473341  0.996920056800 -0.050225192576 -0.282794452781  0.065297505665  0.956955345473 
10.877  5.880777e+00  3.771367e-01  3.456561e+02 -1.475638e-01  2.336254e-01 -3.191960e+00  0.962524572037 -0.050118439815  0.266523151367  0.068323808771  0.995888956543 -0.059473047595 -0.262446766753  0.075454146511  0.961991874391 
11.002  5.845283e+00  4.096473e-01  3.423569e+02 -4.944956e-01  3.325005e-01 -3.271763e+00  0.972087805255 -0.058532897865  0.227198588776  0.074805493778  0.995162873136 -0.063678835039 -0.222372293631  0.078897121613  0.971764275545 
11.127  5.759620e+00  4.597827e-01  3.387780e+02 -8.658237e-01  4.630733e-01 -3.399629e+00  0.987204809911 -0.071880552001  0.142337098233  0.080733610638  0.995080127384 -0.057424944042 -0.137509081165  0.068181568835  0.988151064498 
11.252  5.627897e+00  5.278208e-01  3.361323e+02 -1.162087e+00  5.952740e-01 -3.600288e+00  0.995759432051 -0.088664006852 -0.024532577743  0.088080721116  0.995826185838 -0.023916399532  0.026550707135  0.021654133277  0.999412906892 
11.377  5.493569e+00  6.000487e-01  3.324221e+02 -1.041355e+00  6.189464e-01 -3.848714e+00  0.971469228738 -0.094399394978 -0.217569050745  0.103190364065  0.994227677221  0.029378131538  0.213539894114 -0.050990980343  0.975602702715 
11.502  5.389584e+00  6.731571e-01  3.286924e+02 -4.930091e-01  4.877073e-01 -4.064860e+00  0.928773535639 -0.089061359356 -0.359788540348  0.125158981015  0.989044943883  0.078264477575  0.348876695936 -0.117720742644  0.929745598421 
11.627  5.359454e+00  7.246125e-01  3.253373e+02  7.257419e-02  2.852442e-01 -4.135590e+00  0.896912670525 -0.083594083218 -0.434234603300  0.144519561247  0.983460064634  0.109180573764  0.417925541059 -0.160680834332  0.894158773155 
11.752  5.394114e+00  7.471963e-01  3.198994e+02  5.584698e-01  7.870494e-02 -4.061833e+00  0.858509481159 -0.072475871663 -0.507650193329  0.165108145099  0.976312016904  0.139836140075  0.485490237989 -0.203867833843  0.850139479816 
11.877  5.494939e+00  7.427626e-01  3.191128e+02  1.037318e+00 -1.766196e-01 -3.727866e+00  0.744807137607 -0.022346586092 -0.666905508944  0.214819713000  0.954261189350  0.207937667121  0.631755347169 -0.298137908679  0.715541032179 
12.002  5.650522e+00  7.004459e-01  3.152060e+02  1.355461e+00 -5.458564e-01 -2.800602e+00  0.315900029791  0.230971254306 -0.920249667678  0.411194992753  0.840767993192  0.352175892926  0.855058974055 -0.489654430499  0.170624410856 
12.127  5.811488e+00  6.124577e-01  3.108365e+02  1.373403e+00 -9.745959e-01 -2.053450e+00 -0.322837239576  0.830575060519 -0.453785395960  0.917218155801  0.392807965373  0.066428585786  0.233424444763 -0.394774582747 -0.888631564488 
12.252  5.976572e+00  5.050144e-01  3.085155e+02  1.103326e+00 -3.657826e-01 -2.054614e+00 -0.128737432984  0.700840931655  0.701604348522  0.313567363192  0.699960576665 -0.641662450090 -0.940798693712  0.137394248904 -0.309871970786 
12.377  6.086631e+00  5.031724e-01  3.048987e+02  5.485434e-01  2.930470e-01 -1.311499e+00  0.578818819650  0.266628685439  0.770634750138  0.115195513325  0.908822926533 -0.400962444523 -0.807278618402  0.320858274491  0.495329385320 
12.502  6.126414e+00  5.544338e-01  3.034379e+02  9.368927e-02  5.963704e-01 -1.198133e+00  0.795789168724  0.116633516182  0.594235830160  0.079269893681  0.952770977371 -0.293161642503 -0.600363125865  0.280399870867  0.748959297639 
12.627  6.111009e+00  6.468604e-01  3.004295e+02 -3.710274e-01  8.542858e-01 -1.380012e+00  0.887381035853  0.041309267820  0.459182362030  0.071707541736  0.971490395388 -0.225974423611 -0.455426092430  0.233452256491  0.859119967335 
12.752  6.036862e+00  7.704603e-01  2.957882e+02 -8.175847e-01  1.085814e+00 -1.697815e+00  0.940760889786 -0.009497391213  0.338937675404  0.072414465939  0.982172682154 -0.173473247370 -0.331247782440  0.187740837301  0.924677394900 
12.877  5.919953e+00  9.094350e-01  2.939381e+02 -1.206290e+00  1.301473e+00 -2.072478e+00  0.980645576424 -0.052601103212  0.188593153060  0.074503787949  0.991024404757 -0.110994660937 -0.181061975637  0.122897327539  0.975762680093 
13.002  5.753925e+00  1.084935e+00  2.909963e+02 -1.296149e+00  1.397457e+00 -2.493701e+00  0.995865748351 -0.084611432469 -0.033050215685  0.084207105338  0.996357600083 -0.013442327430  0.034067208162  0.010603690472  0.999363290839 
13.127  5.602646e+00  1.260471e+00  2.869116e+02 -9.976257e-01  1.296250e+00 -2.778244e+00  0.974100430718 -0.087867360859 -0.208345092982  0.104466004902  0.992059699450  0.070031468256  0.200537290033 -0.089982662896  0.975544932683 
13.252  5.500286e+00  1.405866e+00  2.850251e+02 -7.272265e-01  1.162636e+00 -2.866650e+00  0.942468510330 -0.078528915644 -0.324940481386  0.126250077905  0.983645644675  0.128460747086  0.309538406122 -0.162093970032  0.936969327147 
13.377  5.420981e+00  1.547107e+00  2.815669e+02 -4.982787e-01  1.010641e+00 -2.715211e+00  0.866006530112 -0.039437310989 -0.498475062872  0.169068934463  0.961266745398  0.217673929518  0.470583026897 -0.272783692133  0.839130902841 
13.502  5.362554e+00  1.667784e+00  2.770357e+02 -4.471675e-01  8.327121e-01 -2.055057e+00  0.580028516725  0.153636313977 -0.799976751420  0.319990664563  0.860137673460  0.397201658213  0.749114740462 -0.486373380976  0.449742192706 
13.627  5.300331e+00  1.752931e+00  2.753535e+02 -6.534463e-01  5.807194e-01 -1.271417e+00 -0.070971456778  0.739911167870 -0.668950309055  0.791796591016  0.449661241282  0.413355690107  0.606647517738 -0.500336118775 -0.617772253725 
13.752  5.202171e+00  1.826425e+00  2.709102e+02 -9.373088e-01  8.733125e-01 -1.529165e+00 -0.179410435335  0.925639373235  0.333172097287  0.673245830955  0.362464480220 -0.644483942143 -0.717322763332  0.108679580863 -0.688212759188 
13.877  5.049394e+00  1.998913e+00  2.672359e+02 -1.540124e+00  1.787626e+00 -1.004304e+00  0.401811783857  0.442709376213  0.801595720153  0.246225528025  0.790898386190 -0.560225608190 -0.881997890986  0.422478580446  0.208785941485 
14.002  4.838781e+00  2.233505e+00  2.658918e+02 -2.095814e+00  2.232282e+00 -8.767411e-01  0.672877865058  0.235743510289  0.701184979925  0.149627993159  0.884898369813 -0.441096745358 -0.724463140800  0.401721137680  0.560154697528 
14.127  4.536514e+00  2.543827e+00  2.620038e+02 -2.637033e+00  2.606052e+00 -1.049449e+00  0.764628074069  0.163203151522  0.623465026828  0.116305336369  0.916577197050 -0.382569353948 -0.633890350989  0.365035577967  0.681859259482 
14.252  4.166128e+00  2.900441e+00  2.595597e+02 -3.159053e+00  2.959924e+00 -1.268929e+00  0.763572980696  0.163390739206  0.624707747265  0.112520489356  0.918987128532 -0.377891250320 -0.635842309560  0.358839969812  0.683328935022 
14.377  3.771171e+00  3.264355e+00  2.570006e+02 -3.627558e+00  3.288545e+00 -1.367658e+00  0.677807182289  0.227190963859  0.699257956393  0.133957530990  0.896982775904 -0.421280523669 -0.722933471025  0.379217834065  0.577547427315 
14.502  3.273914e+00  3.711944e+00  2.547921e+02 -4.129003e+00  3.721627e+00 -1.122334e+00  0.345370659309  0.452549687784  0.822142255194  0.230715618355  0.808218339270 -0.541805702734 -0.909664449748  0.376804851553  0.174724619646 
14.627  2.718869e+00  4.228330e+00  2.505623e+02 -4.457604e+00  4.395267e+00 -6.765455e-01 -0.347730215176  0.886881274061  0.304179721831  0.617104138810  0.460736999061 -0.637890193968 -0.705879720149 -0.034103129123 -0.707510280679 
14.752  2.192779e+00  4.766199e+00  2.489370e+02 -4.449033e+00  4.623941e+00 -1.073524e+00 -0.146899130979  0.765234496119 -0.626766951320  0.892464855155  0.375767208965  0.249610670807  0.426529163870 -0.522699885801 -0.738144770185 
14.877  1.624993e+00  5.343230e+00  2.451904e+02 -4.347840e+00  4.310242e+00 -5.875552e-01  0.448897808370  0.208174406937 -0.868996072452  0.382843936554  0.833904834090  0.397533958204  0.807416421609 -0.511141999818  0.294639742970 
15.002  1.073431e+00  5.887495e+00  2.421803e+02 -4.187954e+00  4.137325e+00 -2.261141e-01  0.741246909566  0.019356132083 -0.670953321185  0.223758281323  0.935284033607  0.274182435649  0.632839040039 -0.353368245079  0.688945304630 
15.127  5.901602e-01  6.366903e+00  2.404462e+02 -4.045858e+00  4.036599e+00 -1.204761e-01  0.768650872305  0.002561969391 -0.639663405877  0.211296818590  0.942843690952  0.257680866354  0.603762777057 -0.333225465330  0.724176289516 
15.252  7.551325e-02  6.882503e+00  2.379955e+02 -3.948288e+00  3.949347e+00  1.223281e-01  0.587489392171  0.109556414051 -0.801781520258  0.313551921381  0.882577640665  0.350345402134  0.746017028415 -0.457224343554  0.484153377533 
15.377 -4.355844e-01  7.386248e+00  2.349688e+02 -4.005209e+00  3.845849e+00  5.823366e-01  0.024058651652  0.550741539398 -0.834329034651  0.697704209821  0.588460412177  0.408562331718  0.715981855132 -0.591944338669 -0.370097126494 
15.502 -9.061907e-01  7.832216e+00  2.322874e+02 -4.043959e+00  3.848299e+00  2.637839e-01 -0.313878927283  0.930990443703 -0.186378144483  0.907082891216  0.236041839907 -0.348546809305 -0.280500708504 -0.278461924770 -0.918574062872 
15.627 -1.443144e+00  8.370594e+00  2.293785e+02 -4.368873e+00  4.618981e+00  8.191067e-02 -0.031083092042  0.702262905199  0.711238815989  0.356555873870  0.672556954016 -0.648486740353 -0.933756793923  0.233439404527 -0.271301113555 
15.752 -2.037474e+00  9.002260e+00  2.264794e+02 -4.897935e+00  5.183678e+00  3.209022e-01  0.397197103708  0.434044510601  0.808603625779  0.208884045607  0.815204072255 -0.540194202180 -0.893645296690  0.383467969191  0.233131723083 
15.877 -2.634695e+00  9.630718e+00  2.241994e+02 -5.328914e+00  5.579257e+00  3.990961e-01  0.415243956854  0.434540310165  0.799216600890  0.201706298892  0.812693024882 -0.546666823848 -0.887066528105  0.388207117593  0.249816349677 
16.002 -3.346097e+00  1.037841e+01  2.218145e+02 -5.721312e+00  6.101669e+00  6.053090e-01  0.051955533075  0.700136372813  0.712116340247  0.322135046720  0.663212340679 -0.675557845669 -0.945266964544  0.264496598531 -0.191080912465 
16.127 -4.094179e+00  1.120576e+01  2.187265e+02 -5.853437e+00  6.779687e+00  4.558661e-01 -0.232184314975  0.967255455328 -0.102505258490  0.828299275460  0.141373396013 -0.542156686920 -0.509912496564 -0.210785310300 -0.834001677942 
16.252 -4.782457e+00  1.200690e+01  2.166987e+02 -5.884264e+00  6.731499e+00 -2.094389e-02 -0.020026573333  0.768325528165 -0.639745902004  0.858634551234  0.341024375035  0.382686664334  0.512196879908 -0.541644032925 -0.666540394732 
16.377 -5.542885e+00  1.284443e+01  2.139690e+02 -5.888204e+00  6.216563e+00  2.117502e-01  0.348069180534  0.308822935529 -0.885141932152  0.459423651596  0.766837073420  0.448208446130  0.817176696876 -0.562662685203  0.125031791011 
16.502 -6.295817e+00  1.362268e+01  2.114797e+02 -5.781055e+00  5.842872e+00  4.887103e-01  0.474733014849  0.179157910314 -0.861702389334  0.380017213646  0.841371936670  0.384291792153  0.793861122580 -0.509897742058  0.331343946225 
16.627 -6.969199e+00  1.429180e+01  2.090823e+02 -5.719487e+00  5.547198e+00  7.377099e-01  0.244270255186  0.319760284180 -0.915470044891  0.521065281979  0.752911410227  0.402014154311  0.817816002746 -0.575219757146  0.017297879666 
16.752 -7.706786e+00  1.498902e+01  2.061101e+02 -5.724713e+00  5.260126e+00  8.168369e-01 -0.283506664162  0.736380038219 -0.614303191175  0.884125784590  0.448809790812  0.129966798430  0.371410242722 -0.506274837399 -0.778293145683 
16.877 -8.450526e+00  1.565895e+01  2.037595e+02 -5.895828e+00  5.251158e+00  2.889652e-01 -0.374071882402  0.884192381007  0.279775017052  0.656068258574  0.465520702286 -0.594024339430 -0.655472857476 -0.038656294613 -0.754228761053 
17.002 -9.155153e+00  1.629130e+01  2.011775e+02 -6.174776e+00  5.551983e+00  3.747045e-01  0.086782249428  0.608421226258  0.788855153132  0.317390993674  0.733695443715 -0.600794434900 -0.944315518415  0.302513813421 -0.129435676574 
17.127 -9.971906e+00  1.701794e+01  1.983901e+02 -6.522141e+00  5.728416e+00  6.750420e-01  0.341664802155  0.493527258612  0.799809982418  0.246617513897  0.774119540320 -0.583025504703 -0.906887514970  0.396446443170  0.142776934028 
17.252 -1.082920e+01  1.776777e+01  1.960806e+02 -6.776136e+00  5.958936e+00  9.371631e-01  0.157956255927  0.736854601202  0.657339423663  0.332286563538  0.587208014539 -0.738086978176 -0.929857763803  0.335010513788 -0.152093703834 
17.377 -1.162682e+01  1.848628e+01  1.941027e+02 -6.816752e+00  6.351735e+00  9.213453e-01  0.138466544778  0.989247536562  0.047077886341  0.685724854519 -0.061467129215 -0.725260791661 -0.714568708993  0.132706832647 -0.686862764093 
17.502 -1.252264e+01  1.931189e+01  1.913504e+02 -7.279571e+00  6.271581e+00  3.721191e-01  0.277650301910  0.960682208146  0.000069294147  0.915554487213 -0.264629619302  0.302871500034  0.290981598721 -0.084028920857 -0.953031400147 
17.627 -1.350253e+01  2.005397e+01  1.884543e+02 -7.825382e+00  4.973037e+00 -7.265647e-01  0.028548424631  0.915405960790 -0.401518261603  0.589216353806  0.309067936405  0.746526020373  0.807470789477 -0.257893267916 -0.530548759781 
17.752 -1.441314e+01  2.056297e+01  1.861313e+02 -7.629579e+00  3.602804e+00 -1.736667e+00 -0.045354118696  0.835560507411 -0.547523188891  0.418236450848  0.513621937181  0.749180069695  0.907205200106 -0.195015753473 -0.372756731392 
17.877 -1.536791e+01  2.094506e+01  1.836160e+02 -7.095550e+00  2.212109e+00 -2.991947e+00 -0.383508466442  0.877245279927 -0.288724739178  0.389699464772  0.437148788195  0.810577117945  0.837290620587  0.198347311112 -0.509512277429 
18.002 -1.624555e+01  2.115772e+01  1.809000e+02 -6.535492e+00  1.110987e+00 -4.986006e+00 -0.489821509610  0.637458354716  0.594745100632  0.590234901895 -0.259599229108  0.764350051241  0.641636695731  0.725434412093 -0.249092883162 
18.127 -1.702216e+01  2.129246e+01  1.790079e+02 -6.860415e+00  1.514108e+00 -7.198823e+00  0.456656708890  0.129976921314  0.880096954973  0.563577361333 -0.807715462189 -0.173136622161  0.688364153642  0.575066719665 -0.442100735031 
18.252 -1.792327e+01  2.155688e+01  1.762873e+02 -7.079492e+00  2.594503e+00 -8.681659e+00  0.953751581695  0.085857092605  0.288073740670  0.299793831527 -0.201722960482 -0.932433110627 -0.021944908122  0.975672284563 -0.218133019380 
18.377 -1.883759e+01  2.192979e+01  1.735089e+02 -7.153436e+00  3.248397e+00 -9.779889e+00  0.982064164498  0.154033422326  0.108736753746 -0.047856435876  0.761459659597 -0.646443306371 -0.182372526313  0.629645052084  0.755173734999 
18.502 -1.969640e+01  2.236249e+01  1.712816e+02 -7.575985e+00  4.343297e+00 -8.059020e+00  0.961726673332  0.054852370468 -0.268464193618  0.026409235462  0.956641946837  0.290066781681  0.272734959408 -0.286054895093  0.918579467934 
18.627 -2.068718e+01  2.298959e+01  1.687601e+02 -7.674616e+00  5.344354e+00 -8.978059e+00  0.804198662340  0.446111432504 -0.392745593584  0.449062898903 -0.023168034463  0.893199728509  0.389367466950 -0.894677501655 -0.218963795438 
18.752 -2.164828e+01  2.378415e+01  1.664790e+02 -7.525625e+00  6.964184e+00 -4.349861e+00  0.176400202947  0.735878182392 -0.653732566941  0.750525578724 -0.530263241832 -0.394375772637 -0.636862876985 -0.421075046803 -0.645833942185 
18.877 -2.258461e+01  2.460445e+01  1.638894e+02 -8.439623e+00  6.871794e+00 -5.739964e+00 -0.124666160780  0.841946933422  0.524960674392  0.593108209585  0.487389096036 -0.640838919532 -0.795412471664  0.231467557915 -0.560126565657 
19.002 -2.375079e+01  2.545100e+01  1.612621e+02 -9.783468e+00  6.250373e+00 -8.101049e+00  0.756394184764  0.082382860625  0.648907467617  0.279058068410  0.856588292164 -0.434031211071 -0.591603272227  0.509381548550  0.624928800974 
19.127 -2.504477e+01  2.626256e+01  1.590624e+02 -1.022754e+01  6.359010e+00 -1.210031e+01  0.806716034842  0.114132728617 -0.579812865834 -0.035947220231  0.988832470157  0.144631059326  0.589844925795 -0.095833533914  0.801809763779 
19.252 -2.623510e+01  2.702582e+01  1.567927e+02 -1.011832e+01  6.787194e+00 -6.564900e+00 -0.289636290604  0.841953492332 -0.455219876450  0.481988318273  0.539201811477  0.690614702674  0.826920842774 -0.019383581975 -0.561984160396 
19.377 -2.755069e+01  2.792071e+01  1.544134e+02 -1.041659e+01  6.992332e+00 -8.740390e+00 -0.340344928962  0.766418305700  0.544764453703  0.620650919137  0.618322850144 -0.482150691759 -0.706369425941  0.174011015968 -0.686121272384 
19.502 -2.891992e+01  2.876075e+01  1.516975e+02 -1.084172e+01  5.386823e+00 -2.119837e+01  0.857023572794 -0.305697284964  0.414800874687  0.255126569702  0.951149606944  0.173852979966 -0.447684072877 -0.043169377763  0.893149134084 
19.627 -3.016972e+01  2.938164e+01  1.495392e+02 -1.035498e+01  5.368072e+00 -6.437334e+00  0.055607824338 -0.359505101438 -0.931484756672  0.352414968547  0.879950236735 -0.318576946458  0.934190269601 -0.310553800347  0.175627097206 
19.752 -3.143445e+01  3.013970e+01  1.473174e+02 -8.883897e+00  6.342326e+00 -7.247529e+00 -0.234844430361  0.931579042086 -0.277504201543 -0.253789002475  0.216822149601  0.942644841743  0.938317236201  0.291802405384  0.185505041605 
19.877 -3.255674e+01  3.090822e+01  1.447511e+02 -8.760062e+00  5.758336e+00 -9.057357e+00  0.706724801368  0.263754231625  0.656485917922 -0.521179764180  0.821597805450  0.230973373985 -0.478447184693 -0.505381787741  0.718106914101 
20.002 -3.359726e+01  3.163077e+01  1.425600e+02 -9.084316e+00  7.504139e+00 -5.890024e+00  0.141340999821 -0.989160324171 -0.039806718737  0.976122841662  0.145952327263 -0.160879197389  0.164945202282 -0.016117420801  0.986171034350 
20.127 -3.478209e+01  3.265659e+01  1.404193e+02 -9.514928e+00  8.346933e+00 -6.432770e+00  0.477314473183 -0.170180000539 -0.862096085774  0.798618542869 -0.325257065100  0.506375616107 -0.366577845315 -0.930186330269 -0.019341000621 
20.252 -3.603805e+01  3.376575e+01  1.380755e+02 -1.037837e+01  9.559562e+00 -8.046043e+00  0.896630013014  0.379650381498 -0.227860061420 -0.381495417747  0.923602436598  0.037680039121  0.224757349158  0.053142515352  0.972964545634 
20.377 -3.730364e+01  3.493429e+01  1.359095e+02 -1.125320e+01  1.029003e+01 -9.444944e+00  0.393297727060 -0.066030818973  0.917036983352  0.492999640601  0.857049345722 -0.149725660343 -0.776059438611  0.510985665106  0.369628729673 
20.502 -3.879916e+01  3.624829e+01  1.336631e+02 -1.176419e+01  9.146155e+00 -1.726105e+01 -0.006432327619  0.036459725552  0.999314421778 -0.759023676276  0.650433818407 -0.028616546347 -0.651031246572 -0.758687377176  0.023489991510 
20.627 -4.032992e+01  3.738761e+01  1.312803e+02 -1.214486e+01  8.935067e+00 -2.034671e+01  0.410761657634  0.889358268632 -0.200790265287 -0.888115287027  0.440104581367  0.132511110506  0.206218567461  0.123894420682  0.970630761391 
20.752 -4.179978e+01  3.848434e+01  1.293236e+02 -1.334688e+01  1.008179e+01 -9.968213e+00  0.687372742138 -0.531924666317 -0.494545106870  0.418977590104  0.846591329553 -0.328239089256  0.593276067574  0.018419285785  0.804788318476 
20.877 -4.354911e+01  3.978491e+01  1.273524e+02 -1.390740e+01  9.952287e+00 -5.062688e+00  0.289424437538 -0.274242267952  0.917073973802  0.836298029525 -0.393639331353 -0.381646017435  0.465659855225  0.877404841154  0.115419426231 
21.002 -4.533062e+01  4.102626e+01  1.251291e+02 -1.365243e+01  9.096554e+00 -4.947337e+00  0.807000284338 -0.411810237363  0.423276351195 -0.540306043741 -0.804175157086  0.247733114103  0.238369293691 -0.428619464244 -0.871473140548 
