0.00195312  0.000000e+00  0.000000e+00  0.000000e+00  0.000000e+00  0.000000e+00  0.000000e+00  0.999950000417  0.000000000000 -0.009999833334  0.000000000000  1.000000000000  0.000000000000  0.009999833334 -0.000000000000  0.999950000417 
0.251953  1.856612e-02 -4.763361e-312  1.249860e+00  1.496167e-01 -8.089766e-311  1.008094e+01  0.999950000417  0.000000000000 -0.009999833334  0.000000000000  1.000000000000  0.000000000000  0.009999833334 -0.000000000000  0.999950000417 
0.501953  7.430246e-02 -8.217030e-311  5.011153e+00  2.966293e-01 -6.687103e-310  2.004522e+01  0.999950000417  0.000000000000 -0.009999833334  0.000000000000  1.000000000000  0.000000000000  0.009999833334 -0.000000000000  0.999950000417 
0.751953  1.660185e-01 -4.179914e-310  1.122159e+01  4.366768e-01 -2.204692e-309  2.962924e+01  0.999949513813 -0.000000000000 -0.010048374294  0.000000000000  1.000000000000 -0.000000000000  0.010048374294  0.000000000000  0.999949513813 
1.00195  2.914907e-01 -1.242943e-309  1.975665e+01  5.669309e-01 -4.533278e-309  3.868948e+01  0.999946691088 -0.000000000000 -0.010325453146  0.000000000000  1.000000000000 -0.000000000000  0.010325453146  0.000000000000  0.999946691088 
1.25195  4.479496e-01 -2.700249e-309  3.046176e+01  6.834207e-01 -7.156382e-309  4.687318e+01  0.999941083136 -0.000000000000 -0.010854964661  0.000000000000  1.000000000000 -0.000000000000  0.010854964661  0.000000000000  0.999941083136 
1.50195  6.319039e-01 -4.796229e-309  4.310337e+01  7.870132e-01 -9.540814e-309  5.416205e+01  0.999931910486 -0.000000000000 -0.011669378394  0.000000000000  1.000000000000 -0.000000000000  0.011669378394  0.000000000000  0.999931910486 
1.75195  8.403900e-01 -7.403288e-309  5.745114e+01  8.801615e-01 -1.117752e-308  6.051296e+01  0.999919232846 -0.000000000000 -0.012709358183  0.000000000000  1.000000000000 -0.000000000000  0.012709358183  0.000000000000  0.999919232846 
2.00195  1.071245e+00 -1.030806e-308  7.327124e+01  9.668449e-01 -1.198606e-308  6.599638e+01  0.999904607802 -0.000000000000 -0.013812143062  0.000000000000  1.000000000000 -0.000000000000  0.013812143062  0.000000000000  0.999904607802 
2.25195  1.323210e+00 -1.333946e-308  9.035251e+01  1.048877e+00 -1.223364e-308  7.055155e+01  0.999891039443 -0.000000000000 -0.014761749251  0.000000000000  1.000000000000 -0.000000000000  0.014761749251  0.000000000000  0.999891039443 
2.50195  1.595155e+00 -1.643374e-308  1.084738e+02  1.126351e+00 -1.258475e-308  7.432616e+01  0.999881488491 -0.000000000000 -0.015395095721  0.000000000000  1.000000000000 -0.000000000000  0.015395095721  0.000000000000  0.999881488491 
2.75195  1.885642e+00 -1.966905e-308  1.274521e+02  1.196647e+00 -1.337194e-308  7.741951e+01  0.999876749539 -0.000000000000 -0.015699864082  0.000000000000  1.000000000000 -0.000000000000  0.015699864082  0.000000000000  0.999876749539 
3.00195  2.192533e+00 -2.313208e-308  1.471298e+02  1.257238e+00 -1.435882e-308  7.997068e+01  0.999875431935 -0.000000000000 -0.015783555122  0.000000000000  1.000000000000 -0.000000000000  0.015783555122  0.000000000000  0.999875431935 
3.25195  2.513350e+00 -2.678820e-308  1.673832e+02  1.308642e+00 -1.468249e-308  8.199961e+01  0.999871886221 -0.000000000000 -0.016006596946  0.000000000000  1.000000000000 -0.000000000000  0.016006596946  0.000000000000  0.999871886221 
3.50195  2.846451e+00 -3.033929e-308  1.880934e+02  1.356393e+00 -1.341199e-308  8.363654e+01  0.999864453723 -0.000000000000 -0.016464330560  0.000000000000  1.000000000000 -0.000000000000  0.016464330560  0.000000000000  0.999864453723 
3.75195  3.191574e+00 -3.335131e-308  2.091723e+02  1.405503e+00 -1.040562e-308  8.495841e+01  0.999853377673 -0.000000000000 -0.017123759971  0.000000000000  1.000000000000 -0.000000000000  0.017123759971  0.000000000000  0.999853377673 
4.00195  3.549405e+00 -3.545825e-308  2.305495e+02  1.458139e+00 -6.327936e-309  8.605598e+01  0.999841144076 -0.000000000000 -0.017823765416  0.000000000000  1.000000000000 -0.000000000000  0.017823765416  0.000000000000  0.999841144076 
4.25195  3.920672e+00 -3.650066e-308  2.521753e+02  1.512410e+00 -2.001798e-309  8.692864e+01  0.999830505096 -0.000000000000 -0.018410895666  0.000000000000  1.000000000000 -0.000000000000  0.018410895666  0.000000000000  0.999830505096 
4.50195  4.305349e+00 -3.648878e-308  2.739997e+02  1.564857e+00  2.095575e-309  8.764979e+01  0.999822212774 -0.000000000000 -0.018855843735  0.000000000000  1.000000000000 -0.000000000000  0.018855843735  0.000000000000  0.999822212774 
4.75195  4.702678e+00 -3.545557e-308  2.959892e+02  1.613533e+00  6.277725e-309  8.825427e+01  0.999814619463 -0.000000000000 -0.019254264663  0.000000000000  1.000000000000 -0.000000000000  0.019254264663  0.000000000000  0.999814619463 
5.00195  5.111798e+00 -3.328931e-308  3.181183e+02  1.659572e+00  1.126664e-308  8.879178e+01  0.999805410829 -0.000000000000 -0.019726643859  0.000000000000  1.000000000000 -0.000000000000  0.019726643859  0.000000000000  0.999805410829 
5.25195  5.532391e+00 -2.971634e-308  3.403726e+02  1.705781e+00  1.759759e-308  8.923664e+01  0.999793667853 -0.000000000000 -0.020313092334  0.000000000000  1.000000000000 -0.000000000000  0.020313092334  0.000000000000  0.999793667853 
5.50195  5.964765e+00 -2.440161e-308  3.627316e+02  1.753927e+00  2.515130e-308  8.963150e+01  0.999780431871 -0.000000000000 -0.020954427869  0.000000000000  1.000000000000 -0.000000000000  0.020954427869  0.000000000000  0.999780431871 
5.75195  6.409373e+00 -1.708629e-308  3.851845e+02  1.803390e+00  3.353261e-308  8.998905e+01  0.999767379499 -0.000000000000 -0.021568191622  0.000000000000  1.000000000000 -0.000000000000  0.021568191622  0.000000000000  0.999767379499 
6.00195  6.866314e+00 -7.612794e-309  4.077232e+02  1.852240e+00  4.238291e-308  9.034058e+01  0.999755085910 -0.000000000000 -0.022130707104  0.000000000000  1.000000000000 -0.000000000000  0.022130707104  0.000000000000  0.999755085910 
6.25195  7.335274e+00  4.142648e-309  4.303467e+02  1.899558e+00  5.189139e-308  9.064704e+01  0.999742615599 -0.000000000000 -0.022687057000  0.000000000000  1.000000000000 -0.000000000000  0.022687057000  0.000000000000  0.999742615599 
6.50195  7.815923e+00  1.840494e-308  4.530450e+02  1.945958e+00  6.250628e-308  9.093961e+01  0.999728730507 -0.000000000000 -0.023290886586  0.000000000000  1.000000000000 -0.000000000000  0.023290886586  0.000000000000  0.999728730507 
6.75195  8.308196e+00  3.549038e-308  4.758151e+02  1.992728e+00  7.450785e-308  9.122220e+01  0.999713214323 -0.000000000000 -0.023947632600  0.000000000000  1.000000000000 -0.000000000000  0.023947632600  0.000000000000  0.999713214323 
7.00195  8.812261e+00  5.573892e-308  4.986549e+02  2.040156e+00  8.779356e-308  9.151877e+01  0.999696863020 -0.000000000000 -0.024620764958  0.000000000000  1.000000000000 -0.000000000000  0.024620764958  0.000000000000  0.999696863020 
7.25195  9.328211e+00  7.946971e-308  5.215679e+02  2.087734e+00  1.023465e-307  9.178613e+01  0.999680344853 -0.000000000000 -0.025282565408  0.000000000000  1.000000000000 -0.000000000000  0.025282565408  0.000000000000  0.999680344853 
7.50195  9.855974e+00  1.069650e-307  5.445473e+02  2.134597e+00  1.180040e-307  9.205114e+01  0.999663399575 -0.000000000000 -0.025943930880  0.000000000000  1.000000000000 -0.000000000000  0.025943930880  0.000000000000  0.999663399575 
7.75195  1.039537e+01  1.385558e-307  5.675928e+02  2.180854e+00  1.351099e-307  9.231465e+01  0.999645303494 -0.000000000000 -0.026632070948  0.000000000000  1.000000000000 -0.000000000000  0.026632070948  0.000000000000  0.999645303494 
8.00195  1.094631e+01  1.746219e-307  5.907040e+02  2.226950e+00  1.538238e-307  9.259849e+01  0.999625818532 -0.000000000000 -0.027353663810  0.000000000000  1.000000000000 -0.000000000000  0.027353663810  0.000000000000  0.999625818532 
8.25195  1.152645e+01  2.189082e-307  6.115954e+02  2.409425e+00  1.997523e-307  7.542473e+01  0.999605078885 -0.000000000000 -0.028101357021  0.000000000000  1.000000000000 -0.000000000000  0.028101357021  0.000000000000  0.999605078885 
8.50195  1.214823e+01  2.740298e-307  6.288381e+02  2.562117e+00  2.410632e-307  6.302496e+01  0.999581130310 -0.000000000000 -0.028940696759  0.000000000000  1.000000000000 -0.000000000000  0.028940696759  0.000000000000  0.999581130310 
8.75195  1.280574e+01  3.392422e-307  6.433706e+02  2.696730e+00  2.809201e-307  5.354690e+01  0.999550715627 -0.000000000000 -0.029972769136  0.000000000000  1.000000000000 -0.000000000000  0.029972769136  0.000000000000  0.999550715627 
9.00195  1.349548e+01  4.144772e-307  6.557871e+02  2.821338e+00  3.216187e-307  4.595579e+01  0.999511397657 -0.000000000000 -0.031256454589  0.000000000000  1.000000000000 -0.000000000000  0.031256454589  0.000000000000  0.999511397657 
9.25195  1.421560e+01  5.001289e-307  6.664805e+02  2.939849e+00  3.643668e-307  3.972725e+01  0.999461363076 -0.000000000000 -0.032817430109  0.000000000000  1.000000000000 -0.000000000000  0.032817430109  0.000000000000  0.999461363076 
9.50195  1.496494e+01  5.968240e-307  6.757411e+02  3.055471e+00  4.101050e-307  3.445176e+01  0.999398829962 -0.000000000000 -0.034669564028  0.000000000000  1.000000000000 -0.000000000000  0.034669564028  0.000000000000  0.999398829962 
9.75195  1.574302e+01  7.053895e-307  6.837745e+02  3.169998e+00  4.594532e-307  2.988134e+01  0.999321424834 -0.000000000000 -0.036833271205  0.000000000000  1.000000000000 -0.000000000000  0.036833271205  0.000000000000  0.999321424834 
10.002  1.654974e+01  8.267977e-307  6.907345e+02  3.284974e+00  5.130423e-307  2.583358e+01  0.999225903697 -0.000000000000 -0.039339463407  0.000000000000  1.000000000000 -0.000000000000  0.039339463407  0.000000000000  0.999225903697 
10.252  1.738535e+01  9.621826e-307  6.967356e+02  3.401159e+00  5.713483e-307  2.220672e+01  0.999107888937 -0.000000000000 -0.042230631825  0.000000000000  1.000000000000 -0.000000000000  0.042230631825  0.000000000000  0.999107888937 
10.502  1.825030e+01  1.112811e-306  7.018711e+02  3.519951e+00  6.351702e-307  1.889813e+01  0.998961890121 -0.000000000000 -0.045553727456  0.000000000000  1.000000000000 -0.000000000000  0.045553727456  0.000000000000  0.998961890121 
10.752  1.914541e+01  1.280170e-306  7.062115e+02  3.642642e+00  7.054079e-307  1.583807e+01  0.998781012476 -0.000000000000 -0.049360805471  0.000000000000  1.000000000000 -0.000000000000  0.049360805471  0.000000000000  0.998781012476 
11.002  2.007183e+01  1.465996e-306  7.098120e+02  3.770816e+00  7.832314e-307  1.296924e+01  0.998556999180 -0.000000000000 -0.053702135793  0.000000000000  1.000000000000 -0.000000000000  0.053702135793  0.000000000000  0.998556999180 
11.252  2.103114e+01  1.672354e-306  7.127147e+02  3.906093e+00  8.699769e-307  1.025295e+01  0.998280329437 -0.000000000000 -0.058620677751  0.000000000000  1.000000000000 -0.000000000000  0.058620677751  0.000000000000  0.998280329437 
11.502  2.202538e+01  1.901685e-306  7.149531e+02  4.050771e+00  9.674610e-307  7.650004e+00  0.997941296397 -0.000000000000 -0.064133992115  0.000000000000  1.000000000000 -0.000000000000  0.064133992115  0.000000000000  0.997941296397 
11.752  2.305724e+01  2.156926e-306  7.165516e+02  4.207587e+00  1.077831e-306  5.129285e+00  0.997531229830 -0.000000000000 -0.070224251607  0.000000000000  1.000000000000 -0.000000000000  0.070224251607  0.000000000000  0.997531229830 
12.002  2.413015e+01  2.441580e-306  7.175272e+02  4.379990e+00  1.203519e-306  2.663261e+00  0.997045608345 -0.000000000000 -0.076811814710  0.000000000000  1.000000000000 -0.000000000000  0.076811814710  0.000000000000  0.997045608345 
12.252  2.524861e+01  2.759793e-306  7.178904e+02  4.572685e+00  1.346998e-306  2.266178e-01  0.996490973301 -0.000000000000 -0.083700299455  0.000000000000  1.000000000000 -0.000000000000  0.083700299455  0.000000000000  0.996490973301 
12.502  2.641637e+01  3.114723e-306  7.176478e+02  4.760763e+00  1.488191e-306 -2.163310e+00  0.995918362985 -0.000000000000 -0.090258596651  0.000000000000  1.000000000000 -0.000000000000  0.090258596651  0.000000000000  0.995918362985 
12.752  2.762299e+01  3.499557e-306  7.168335e+02  4.880207e+00  1.584427e-306 -4.313187e+00  0.995771238509 -0.000000000000 -0.091867516333  0.000000000000  1.000000000000 -0.000000000000  0.091867516333  0.000000000000  0.995771238509 
13.002  2.884910e+01  3.903228e-306  7.155274e+02  4.913808e+00  1.638748e-306 -6.071625e+00  0.996570962626 -0.000000000000 -0.082742470660 -0.000000000000  1.000000000000  0.000000000000  0.082742470660  0.000000000000  0.996570962626 
13.252  3.007336e+01  4.320872e-306  7.138345e+02  4.869574e+00  1.701851e-306 -7.413312e+00  0.998293885410 -0.000000000000 -0.058389368501 -0.000000000000  1.000000000000  0.000000000000  0.058389368501  0.000000000000  0.998293885410 
13.502  3.128127e+01  4.767669e-306  7.118552e+02  4.793169e+00  1.878699e-306 -8.369689e+00  0.999834958542 -0.000000000000 -0.018167434514 -0.000000000000  1.000000000000 -0.000000000000  0.018167434514  0.000000000000  0.999834958542 
13.752  3.247307e+01  5.284490e-306  7.096770e+02  4.752488e+00  2.262729e-306 -9.016668e+00  0.999443750751 -0.000000000000  0.033349499011 -0.000000000000  1.000000000000 -0.000000000000 -0.033349499011  0.000000000000  0.999443750751 
14.002  3.366544e+01  5.915267e-306  7.073667e+02  4.807672e+00  2.790797e-306 -9.422119e+00  0.996235426971 -0.000000000000  0.086688949976 -0.000000000000  1.000000000000 -0.000000000000 -0.086688949976  0.000000000000  0.996235426971 
14.252  3.488623e+01  6.637598e-306  7.049746e+02  4.979661e+00  2.999464e-306 -9.697078e+00  0.991521551243 -0.000000000000  0.129942346527 -0.000000000000  1.000000000000 -0.000000000000 -0.129942346527  0.000000000000  0.991521551243 
14.502  3.616345e+01  7.231836e-306  7.025263e+02  5.253795e+00  1.845910e-306 -9.878815e+00  0.988319580779 -0.000000000000  0.152395558492 -0.000000000000  1.000000000000 -0.000000000000 -0.152395558492 -0.000000000000  0.988319580779 
14.752  3.751685e+01  7.137406e-306  7.000403e+02  5.579066e+00 -2.276461e-306 -1.000273e+01  0.989082471301 -0.000000000000  0.147363037988 -0.000000000000  1.000000000000 -0.000000000000 -0.147363037988 -0.000000000000  0.989082471301 
15.002  3.895093e+01  5.432616e-306  6.975285e+02  5.889685e+00 -1.057671e-305 -1.006846e+01  0.993489349973 -0.000000000000  0.113925025739 -0.000000000000  1.000000000000 -0.000000000000 -0.113925025739 -0.000000000000  0.993489349973 
15.252  4.045352e+01  1.361508e-306  6.950039e+02  6.114230e+00 -2.068901e-305 -1.012366e+01  0.998348365513 -0.000000000000  0.057450335743 -0.000000000000  1.000000000000 -0.000000000000 -0.057450335743 -0.000000000000  0.998348365513 
15.502  4.199680e+01 -3.750834e-306  6.924687e+02  6.208501e+00 -1.895929e-305 -1.015489e+01  0.999942282556  0.000000000000 -0.010743907929 -0.000000000000  1.000000000000  0.000000000000  0.010743907929 -0.000000000000  0.999942282556 
15.752  4.354532e+01 -1.711150e-306  6.899276e+02  6.154987e+00  3.395489e-305 -1.017359e+01  0.997109090119  0.000000000000 -0.075983303442 -0.000000000000  1.000000000000  0.000000000000  0.075983303442 -0.000000000000  0.997109090119 
16.002  4.506355e+01  3.175182e-305  6.873822e+02  5.968945e+00  2.221986e-304 -1.017130e+01  0.992297949928  0.000000000000 -0.123874043162 -0.000000000000  1.000000000000  0.000000000000  0.123874043162  0.000000000000  0.992297949928 
16.252  4.652389e+01  1.503346e-304  6.848367e+02  5.703347e+00  6.934546e-304 -1.019285e+01  0.989607359965  0.000000000000 -0.143795942583 -0.000000000000  1.000000000000  0.000000000000  0.143795942583  0.000000000000  0.989607359965 
16.502  4.791459e+01  4.500888e-304  6.822860e+02  5.423950e+00  1.627474e-303 -1.021216e+01  0.991337590336  0.000000000000 -0.131338425398 -0.000000000000  1.000000000000  0.000000000000  0.131338425398  0.000000000000  0.991337590336 
16.752  4.924132e+01  1.056697e-303  6.797312e+02  5.203707e+00  3.081918e-303 -1.022455e+01  0.996057787535  0.000000000000 -0.088706729681 -0.000000000000  1.000000000000  0.000000000000  0.088706729681  0.000000000000  0.996057787535 
17.002  5.052686e+01  2.032902e-303  6.771744e+02  5.103690e+00  4.531715e-303 -1.021017e+01  0.999693632202  0.000000000000 -0.024751600661 -0.000000000000  1.000000000000  0.000000000000  0.024751600661  0.000000000000  0.999693632202 
17.252  5.180631e+01  3.096369e-303  6.746212e+02  5.159468e+00  3.832526e-303 -1.021526e+01  0.998921672841  0.000000000000  0.046427271389 -0.000000000000  1.000000000000 -0.000000000000 -0.046427271389  0.000000000000  0.998921672841 
17.502  5.311950e+01  2.982136e-303  6.720664e+02  5.372061e+00 -4.447096e-303 -1.022480e+01  0.994084997971  0.000000000000  0.108604865492 -0.000000000000  1.000000000000 -0.000000000000 -0.108604865492  0.000000000000  0.994084997971 
17.752  5.450212e+01 -1.667787e-303  6.695080e+02  5.707468e+00 -3.110437e-302 -1.024447e+01  0.989039586151  0.000000000000  0.147650591014 -0.000000000000  1.000000000000 -0.000000000000 -0.147650591014 -0.000000000000  0.989039586151 
18.002  5.597760e+01 -1.773667e-302  6.669435e+02  6.106616e+00 -9.256264e-302 -1.025329e+01  0.987959527409  0.000000000000  0.154712547008 -0.000000000000  1.000000000000 -0.000000000000 -0.154712547008 -0.000000000000  0.987959527409 
18.252  5.755237e+01 -5.618667e-302  6.643764e+02  6.485339e+00 -2.050358e-301 -1.028243e+01  0.991826827357  0.000000000000  0.127591318415 -0.000000000000  1.000000000000 -0.000000000000 -0.127591318415 -0.000000000000  0.991826827357 
18.502  5.921205e+01 -1.286401e-301  6.618033e+02  6.773859e+00 -3.576651e-301 -1.030022e+01  0.997439039376  0.000000000000  0.071521764019 -0.000000000000  1.000000000000 -0.000000000000 -0.071521764019 -0.000000000000  0.997439039376 
18.752  6.092664e+01 -2.315705e-301  6.592274e+02  6.916598e+00 -4.459163e-301 -1.030565e+01  0.999998548774  0.000000000000 -0.001703657592 -0.000000000000  1.000000000000  0.000000000000  0.001703657592 -0.000000000000  0.999998548774 
19.002  6.265596e+01 -3.050136e-301  6.566510e+02  6.888322e+00 -1.433503e-301 -1.028684e+01  0.997127718962  0.000000000000 -0.075738445171 -0.000000000000  1.000000000000  0.000000000000  0.075738445171 -0.000000000000  0.997127718962 
19.252  6.435819e+01 -1.501469e-301  6.540785e+02  6.705200e+00  1.310027e-300 -1.029390e+01  0.991022022842  0.000000000000 -0.133698729395 -0.000000000000  1.000000000000  0.000000000000  0.133698729395 -0.000000000000  0.991022022842 
19.502  6.600003e+01  7.057798e-301  6.515035e+02  6.415001e+00  5.268948e-300 -1.030763e+01  0.986685531699  0.000000000000 -0.162639667778 -0.000000000000  1.000000000000  0.000000000000  0.162639667778  0.000000000000  0.986685531699 
19.752  6.756352e+01  3.144229e-300  6.489245e+02  6.091793e+00  1.356925e-299 -1.032468e+01  0.987761214850  0.000000000000 -0.155973659435 -0.000000000000  1.000000000000  0.000000000000  0.155973659435  0.000000000000  0.987761214850 
20.002  6.905067e+01  8.414736e-300  6.463415e+02  5.816399e+00  2.727153e-299 -1.031879e+01  0.993427378108  0.000000000000 -0.114464162185 -0.000000000000  1.000000000000  0.000000000000  0.114464162185  0.000000000000  0.993427378108 
20.252  7.048292e+01  1.740853e-299  6.437607e+02  5.665629e+00  4.271372e-299 -1.032660e+01  0.998929102453  0.000000000000 -0.046267140312 -0.000000000000  1.000000000000  0.000000000000  0.046267140312  0.000000000000  0.998929102453 
20.502  7.189781e+01  2.825207e-299  6.411787e+02  5.683894e+00  4.228854e-299 -1.032886e+01  0.999430545304  0.000000000000  0.033742926876 -0.000000000000  1.000000000000 -0.000000000000 -0.033742926876  0.000000000000  0.999430545304 
20.752  7.333970e+01  3.056720e-299  6.385958e+02  5.881363e+00 -2.202953e-299 -1.033596e+01  0.994212677848  0.000000000000  0.107429750095 -0.000000000000  1.000000000000 -0.000000000000 -0.107429750095  0.000000000000  0.994212677848 
21.002  7.485047e+01 -5.101098e-300  6.360097e+02  6.231199e+00 -2.488044e-298 -1.033755e+01  0.987429421624  0.000000000000  0.158060549512 -0.000000000000  1.000000000000 -0.000000000000 -0.158060549512 -0.000000000000  0.987429421624 
21.252  7.646070e+01 -1.416241e-298  6.334211e+02  6.661399e+00 -8.030157e-298 -1.037256e+01  0.984704060765  0.000000000000  0.174235222367 -0.000000000000  1.000000000000 -0.000000000000 -0.174235222367 -0.000000000000  0.984704060765 
21.502  7.818040e+01 -4.866889e-298  6.308235e+02  7.092380e+00 -1.866356e-297 -1.040747e+01  0.988356461104  0.000000000000  0.152156188815 -0.000000000000  1.000000000000 -0.000000000000 -0.152156188815 -0.000000000000  0.988356461104 
21.752  7.999904e+01 -1.169189e-297  6.282184e+02  7.438857e+00 -3.430985e-297 -1.043101e+01  0.995409455720  0.000000000000  0.095707969693 -0.000000000000  1.000000000000 -0.000000000000 -0.095707969693 -0.000000000000  0.995409455720 
22.002  8.188649e+01 -2.213694e-297  6.256093e+02  7.633440e+00 -4.722399e-297 -1.042062e+01  0.999863949430  0.000000000000  0.016494927421 -0.000000000000  1.000000000000  0.000000000000 -0.016494927421 -0.000000000000  0.999863949430 
22.252  8.379958e+01 -3.184878e-297  6.230036e+02  7.639137e+00 -2.948611e-297 -1.042386e+01  0.997690600765  0.000000000000 -0.067922493656 -0.000000000000  1.000000000000  0.000000000000  0.067922493656 -0.000000000000  0.997690600765 
22.502  8.569092e+01 -2.417988e-297  6.203972e+02  7.462572e+00  8.580176e-297 -1.042879e+01  0.990397794660  0.000000000000 -0.138246910752 -0.000000000000  1.000000000000  0.000000000000  0.138246910752 -0.000000000000  0.990397794660 
22.752  8.751997e+01  4.254826e-297  6.177884e+02  7.150655e+00  4.259939e-296 -1.044319e+01  0.983910397437  0.000000000000 -0.178662614490 -0.000000000000  1.000000000000  0.000000000000  0.178662614490  0.000000000000  0.983910397437 
23.002  8.926214e+01  2.502507e-296  6.151751e+02  6.778888e+00  1.174826e-295 -1.044592e+01  0.983630000545  0.000000000000 -0.180199950131 -0.000000000000  1.000000000000  0.000000000000  0.180199950131  0.000000000000  0.983630000545 
23.252  9.091395e+01  7.231351e-296  6.125607e+02  6.446531e+00  2.488489e-295 -1.046755e+01  0.989905085703  0.000000000000 -0.141731864095 -0.000000000000  1.000000000000  0.000000000000  0.141731864095  0.000000000000  0.989905085703 
23.502  9.249609e+01  1.577452e-295  6.099423e+02  6.235150e+00  4.153000e-295 -1.047767e+01  0.997497079641  0.000000000000 -0.070707680682 -0.000000000000  1.000000000000  0.000000000000  0.070707680682  0.000000000000  0.997497079641 
23.752  9.404699e+01  2.717941e-295  6.073226e+02  6.205187e+00  4.766788e-295 -1.047935e+01  0.999841646439  0.000000000000  0.017795562516 -0.000000000000  1.000000000000 -0.000000000000 -0.017795562516  0.000000000000  0.999841646439 
24.002  9.561555e+01  3.331468e-295  6.047024e+02  6.380064e+00  2.443663e-296 -1.046581e+01  0.994604530497  0.000000000000  0.103739230353 -0.000000000000  1.000000000000 -0.000000000000 -0.103739230353  0.000000000000  0.994604530497 
24.252  9.725082e+01  9.200727e-296  6.020834e+02  6.730194e+00 -1.852594e-294 -1.048913e+01  0.985885352606  0.000000000000  0.167421837040 -0.000000000000  1.000000000000 -0.000000000000 -0.167421837040  0.000000000000  0.985885352606 
24.502  9.898939e+01 -1.020971e-294  5.994566e+02  7.193863e+00 -6.710721e-294 -1.052735e+01  0.980838807138  0.000000000000  0.194821031747 -0.000000000000  1.000000000000 -0.000000000000 -0.194821031747 -0.000000000000  0.980838807138 
24.752  1.008487e+02 -4.026301e-294  5.968194e+02  7.680185e+00 -1.652046e-293 -1.056992e+01  0.983713817615  0.000000000000  0.179741828837 -0.000000000000  1.000000000000 -0.000000000000 -0.179741828837 -0.000000000000  0.983713817615 
25.002  1.028224e+02 -1.028440e-293  5.941726e+02  8.094857e+00 -3.200992e-293 -1.058321e+01  0.992223993316  0.000000000000  0.124465043636 -0.000000000000  1.000000000000 -0.000000000000 -0.124465043636 -0.000000000000  0.992223993316 
25.252  1.048816e+02 -2.051672e-293  5.915243e+02  8.349705e+00 -4.768825e-293 -1.060004e+01  0.999205997327  0.000000000000  0.039841873765 -0.000000000000  1.000000000000 -0.000000000000 -0.039841873765 -0.000000000000  0.999205997327 
25.502  1.069797e+02 -3.177519e-293  5.888738e+02  8.398993e+00 -4.080734e-293 -1.060272e+01  0.998459515506  0.000000000000 -0.055485096164 -0.000000000000  1.000000000000  0.000000000000  0.055485096164 -0.000000000000  0.998459515506 
25.752  1.090635e+02 -3.055019e-293  5.862229e+02  8.237823e+00  4.746502e-293 -1.060584e+01  0.990200223368  0.000000000000 -0.139654995051 -0.000000000000  1.000000000000  0.000000000000  0.139654995051 -0.000000000000  0.990200223368 
26.002  1.110850e+02  1.939393e-293  5.835699e+02  7.905795e+00  3.330576e-292 -1.060250e+01  0.981074875585  0.000000000000 -0.193628738819 -0.000000000000  1.000000000000  0.000000000000  0.193628738819  0.000000000000  0.981074875585 
26.252  1.130108e+02  1.928984e-292  5.809156e+02  7.491038e+00  1.006482e-291 -1.063263e+01  0.978652319479  0.000000000000 -0.205522839554 -0.000000000000  1.000000000000  0.000000000000  0.205522839554  0.000000000000  0.978652319479 
26.502  1.148327e+02  6.133781e-292  5.782538e+02  7.093152e+00  2.245512e-291 -1.066062e+01  0.985010300345  0.000000000000 -0.172495531000 -0.000000000000  1.000000000000  0.000000000000  0.172495531000  0.000000000000  0.985010300345 
26.752  1.165678e+02  1.413232e-291  5.755865e+02  6.811328e+00  3.968169e-291 -1.067576e+01  0.994954501337  0.000000000000 -0.100327166160 -0.000000000000  1.000000000000  0.000000000000  0.100327166160  0.000000000000  0.994954501337 
27.002  1.182548e+02  2.577001e-291  5.729170e+02  6.720914e+00  5.131402e-291 -1.065978e+01  0.999992494704  0.000000000000 -0.003874343363 -0.000000000000  1.000000000000 -0.000000000000  0.003874343363  0.000000000000  0.999992494704 
27.252  1.199470e+02  3.504503e-291  5.702514e+02  6.855833e+00  2.239697e-291 -1.066625e+01  0.995461665095  0.000000000000  0.095163403298 -0.000000000000  1.000000000000 -0.000000000000 -0.095163403298  0.000000000000  0.995461665095 
27.502  1.216999e+02  2.103697e-291  5.675827e+02  7.201258e+00 -1.272032e-290 -1.068725e+01  0.984748450793  0.000000000000  0.173984162095 -0.000000000000  1.000000000000 -0.000000000000 -0.173984162095  0.000000000000  0.984748450793 
27.752  1.235593e+02 -6.650529e-291  5.649061e+02  7.695274e+00 -5.466888e-290 -1.072929e+01  0.976590276596  0.000000000000  0.215107953496 -0.000000000000  1.000000000000 -0.000000000000 -0.215107953496 -0.000000000000  0.976590276596 
28.002  1.255511e+02 -3.255307e-290  5.622171e+02  8.246972e+00 -1.450422e-289 -1.076472e+01  0.977741596285  0.000000000000  0.209812704320 -0.000000000000  1.000000000000 -0.000000000000 -0.209812704320 -0.000000000000  0.977741596285 
28.252  1.276753e+02 -8.932628e-290  5.595197e+02  8.731699e+00 -2.946769e-289 -1.081116e+01  0.987406069982  0.000000000000  0.158206361952 -0.000000000000  1.000000000000 -0.000000000000 -0.158206361952 -0.000000000000  0.987406069982 
28.502  1.299031e+02 -1.877386e-289  5.568135e+02  9.060798e+00 -4.712217e-289 -1.083454e+01  0.997545961486  0.000000000000  0.070014675060 -0.000000000000  1.000000000000 -0.000000000000 -0.070014675060 -0.000000000000  0.997545961486 
28.752  1.321867e+02 -3.111369e-289  5.541041e+02  9.169094e+00 -4.958005e-289 -1.083868e+01  0.999354666924  0.000000000000 -0.035920045903 -0.000000000000  1.000000000000  0.000000000000  0.035920045903 -0.000000000000  0.999354666924 
29.002  1.344676e+02 -3.544339e-289  5.513944e+02  9.035987e+00  1.286184e-289 -1.082146e+01  0.990809221731  0.000000000000 -0.135266722191 -0.000000000000  1.000000000000  0.000000000000  0.135266722191 -0.000000000000  0.990809221731 
29.252  1.366887e+02 -1.282722e-290  5.486871e+02  8.701957e+00  2.471765e-288 -1.083989e+01  0.978714022141  0.000000000000 -0.205228806127 -0.000000000000  1.000000000000  0.000000000000  0.205228806127  0.000000000000  0.978714022141 
29.502  1.388087e+02  1.399979e-288  5.459730e+02  8.242024e+00  8.433698e-288 -1.087552e+01  0.972974463561  0.000000000000 -0.230912739487 -0.000000000000  1.000000000000  0.000000000000  0.230912739487  0.000000000000  0.972974463561 
29.752  1.408097e+02  5.094257e-288  5.432492e+02  7.770790e+00  2.009433e-287 -1.091419e+01  0.978360619821  0.000000000000 -0.206906978094 -0.000000000000  1.000000000000  0.000000000000  0.206906978094  0.000000000000  0.978360619821 
30.002  1.427040e+02  1.249316e-287  5.405174e+02  7.404865e+00  3.732516e-287 -1.091900e+01  0.990590012658  0.000000000000 -0.136862802916 -0.000000000000  1.000000000000  0.000000000000  0.136862802916  0.000000000000  0.990590012658 
30.252  1.445296e+02  2.409371e-287  5.377861e+02  7.236678e+00  5.315272e-287 -1.092866e+01  0.999412820610  0.000000000000 -0.034263887687 -0.000000000000  1.000000000000 -0.000000000000  0.034263887687  0.000000000000  0.999412820610 
30.502  1.463431e+02  3.586275e-287  5.350536e+02  7.314938e+00  3.964786e-287 -1.093200e+01  0.996948885168  0.000000000000  0.078057160864 -0.000000000000  1.000000000000 -0.000000000000 -0.078057160864  0.000000000000  0.996948885168 
30.752  1.482073e+02  3.112671e-287  5.323189e+02  7.638133e+00 -7.292809e-287 -1.094948e+01  0.984738951354  0.000000000000  0.174037920251 -0.000000000000  1.000000000000 -0.000000000000 -0.174037920251  0.000000000000  0.984738951354 
31.002  1.501773e+02 -3.341115e-287  5.295766e+02  8.155667e+00 -4.222471e-286 -1.097678e+01  0.972669667757  0.000000000000  0.232193276011 -0.000000000000  1.000000000000 -0.000000000000 -0.232193276011 -0.000000000000  0.972669667757 
31.252  1.522905e+02 -2.482703e-286  5.268240e+02  8.760098e+00 -1.236004e-285 -1.104582e+01  0.970659063567  0.000000000000  0.240459939105 -0.000000000000  1.000000000000 -0.000000000000 -0.240459939105 -0.000000000000  0.970659063567 
31.502  1.545532e+02 -7.545844e-286  5.240545e+02  9.328917e+00 -2.675950e-285 -1.110727e+01  0.980422617497  0.000000000000  0.196904776734 -0.000000000000  1.000000000000 -0.000000000000 -0.196904776734 -0.000000000000  0.980422617497 
31.752  1.569413e+02 -1.683854e-285  5.212728e+02  9.746802e+00 -4.552092e-285 -1.114153e+01  0.994065151271  0.000000000000  0.108786373363 -0.000000000000  1.000000000000 -0.000000000000 -0.108786373363 -0.000000000000  0.994065151271 
32.002  1.594067e+02 -2.982606e-285  5.184860e+02  9.935418e+00 -5.620120e-285 -1.113145e+01  0.999982287794  0.000000000000 -0.005951814729 -0.000000000000  1.000000000000  0.000000000000  0.005951814729 -0.000000000000  0.999982287794 
32.252  1.618865e+02 -3.900429e-285  5.157027e+02  9.858044e+00 -1.718614e-285 -1.113488e+01  0.992635262478  0.000000000000 -0.121141387167 -0.000000000000  1.000000000000  0.000000000000  0.121141387167 -0.000000000000  0.992635262478 
32.502  1.643157e+02 -1.944676e-285  5.129175e+02  9.537286e+00  1.644572e-284 -1.115017e+01  0.977681836205  0.000000000000 -0.210090997321 -0.000000000000  1.000000000000  0.000000000000  0.210090997321 -0.000000000000  0.977681836205 
32.752  1.666414e+02  8.890845e-285  5.101255e+02  9.044629e+00  6.716210e-284 -1.119025e+01  0.967299378547  0.000000000000 -0.253637363696 -0.000000000000  1.000000000000  0.000000000000  0.253637363696  0.000000000000  0.967299378547 
33.002  1.688347e+02  4.010379e-284  5.073215e+02  8.496382e+00  1.735626e-283 -1.122469e+01  0.969956292050  0.000000000000 -0.243279245955 -0.000000000000  1.000000000000  0.000000000000  0.243279245955  0.000000000000  0.969956292050 
33.252  1.708989e+02  1.070536e-283  5.045097e+02  8.038370e+00  3.442021e-283 -1.126498e+01  0.983683968451  0.000000000000 -0.179905114470 -0.000000000000  1.000000000000  0.000000000000  0.179905114470  0.000000000000  0.983683968451 
33.502  1.728708e+02  2.197826e-283  5.016911e+02  7.773693e+00  5.342391e-283 -1.128028e+01  0.997190158730  0.000000000000 -0.074911863755 -0.000000000000  1.000000000000  0.000000000000  0.074911863755  0.000000000000  0.997190158730 
33.752  1.748080e+02  3.561651e-283  4.988708e+02  7.770615e+00  5.363644e-283 -1.128225e+01  0.998783603255  0.000000000000  0.049308354955 -0.000000000000  1.000000000000 -0.000000000000 -0.049308354955  0.000000000000  0.998783603255 
34.002  1.767792e+02  3.914524e-283  4.960492e+02  8.049522e+00 -2.250829e-283 -1.127612e+01  0.986489520164  0.000000000000  0.163824377327 -0.000000000000  1.000000000000 -0.000000000000 -0.163824377327  0.000000000000  0.986489520164 
34.252  1.788506e+02 -2.930967e-284  4.932251e+02  8.559041e+00 -3.004561e-282 -1.132297e+01  0.970179507273  0.000000000000  0.242387548500 -0.000000000000  1.000000000000 -0.000000000000 -0.242387548500 -0.000000000000  0.970179507273 
34.502  1.810696e+02 -1.718556e-282  4.903850e+02  9.210382e+00 -1.002747e-281 -1.140163e+01  0.963096232808  0.000000000000  0.269157289240 -0.000000000000  1.000000000000 -0.000000000000 -0.269157289240 -0.000000000000  0.963096232808 
34.752  1.834549e+02 -6.058879e-282  4.875242e+02  9.866185e+00 -2.350265e-281 -1.148282e+01  0.971033691762  0.000000000000  0.238942607049 -0.000000000000  1.000000000000 -0.000000000000 -0.238942607049 -0.000000000000  0.971033691762 
35.002  1.859903e+02 -1.462740e-281  4.846463e+02  1.039216e+01 -4.289107e-281 -1.151623e+01  0.987735186055  0.000000000000  0.156138407281 -0.000000000000  1.000000000000 -0.000000000000 -0.156138407281 -0.000000000000  0.987735186055 
35.252  1.886300e+02 -2.778707e-281  4.817639e+02  1.068286e+01 -5.986796e-281 -1.153759e+01  0.999348339317  0.000000000000  0.036095660462 -0.000000000000  1.000000000000  0.000000000000 -0.036095660462 -0.000000000000  0.999348339317 
35.502  1.913074e+02 -4.078106e-281  4.788792e+02  1.068689e+01 -4.278442e-281 -1.153976e+01  0.995540073493  0.000000000000 -0.094339610290 -0.000000000000  1.000000000000  0.000000000000  0.094339610290 -0.000000000000  0.995540073493 
35.752  1.939498e+02 -3.450798e-281  4.759934e+02  1.040697e+01  8.739078e-281 -1.155025e+01  0.978863434648  0.000000000000 -0.204514978203 -0.000000000000  1.000000000000  0.000000000000  0.204514978203 -0.000000000000  0.978863434648 
36.002  1.964928e+02  4.122228e-281  4.731014e+02  9.898951e+00  4.949346e-280 -1.157391e+01  0.962824834317  0.000000000000 -0.270126522989 -0.000000000000  1.000000000000  0.000000000000  0.270126522989  0.000000000000  0.962824834317 
36.252  1.988930e+02  2.906868e-280  4.701997e+02  9.292665e+00  1.430476e-279 -1.164205e+01  0.960438966034  0.000000000000 -0.278490560925 -0.000000000000  1.000000000000  0.000000000000  0.278490560925  0.000000000000  0.960438966034 
36.502  2.011440e+02  8.738183e-280  4.672813e+02  8.731335e+00  3.077403e-279 -1.170085e+01  0.973702075990  0.000000000000 -0.227825080296 -0.000000000000  1.000000000000  0.000000000000  0.227825080296  0.000000000000  0.973702075990 
36.752  2.032749e+02  1.935966e-279  4.643521e+02  8.351660e+00  5.176372e-279 -1.172810e+01  0.992024475035  0.000000000000 -0.126045392349 -0.000000000000  1.000000000000  0.000000000000  0.126045392349  0.000000000000  0.992024475035 
37.002  2.053428e+02  3.406375e-279  4.614193e+02  8.240465e+00  6.352699e-279 -1.171367e+01  0.999977692830  0.000000000000  0.006679359441 -0.000000000000  1.000000000000 -0.000000000000 -0.006679359441  0.000000000000  0.999977692830 
37.252  2.074207e+02  4.446109e-279  4.584900e+02  8.435847e+00  1.973572e-279 -1.172347e+01  0.990183686143  0.000000000000  0.139772199296 -0.000000000000  1.000000000000 -0.000000000000 -0.139772199296  0.000000000000  0.990183686143 
37.502  2.095836e+02  2.266621e-279  4.555551e+02  8.913235e+00 -1.850836e-278 -1.176288e+01  0.970251000687  0.000000000000  0.242101209549 -0.000000000000  1.000000000000 -0.000000000000 -0.242101209549  0.000000000000  0.970251000687 
37.752  2.118931e+02 -1.001809e-278  4.526048e+02  9.590649e+00 -7.620772e-278 -1.184673e+01  0.956323744660  0.000000000000  0.292309588280 -0.000000000000  1.000000000000 -0.000000000000 -0.292309588280 -0.000000000000  0.956323744660 
38.002  2.143825e+02 -4.537844e-278  4.496303e+02  1.033196e+01 -1.965728e-277 -1.193188e+01  0.959594074477  0.000000000000  0.281388010101 -0.000000000000  1.000000000000 -0.000000000000 -0.281388010101 -0.000000000000  0.959594074477 
38.252  2.170483e+02 -1.213369e-277  4.466364e+02  1.097121e+01 -3.910512e-277 -1.201293e+01  0.977669480513  0.000000000000  0.210148487677 -0.000000000000  1.000000000000 -0.000000000000 -0.210148487677 -0.000000000000  0.977669480513 
38.502  2.198481e+02 -2.491067e-277  4.436279e+02  1.138635e+01 -6.049205e-277 -1.204867e+01  0.995886337710  0.000000000000  0.090611270612 -0.000000000000  1.000000000000 -0.000000000000 -0.090611270612 -0.000000000000  0.995886337710 
38.752  2.227159e+02 -4.048915e-277  4.406147e+02  1.150293e+01 -6.188342e-277 -1.205387e+01  0.998639027388  0.000000000000 -0.052154510612 -0.000000000000  1.000000000000  0.000000000000  0.052154510612 -0.000000000000  0.998639027388 
39.002  2.255727e+02 -4.535616e-277  4.376010e+02  1.129548e+01  1.981894e-277 -1.204013e+01  0.982841693795  0.000000000000 -0.184451090912 -0.000000000000  1.000000000000  0.000000000000  0.184451090912 -0.000000000000  0.982841693795 
39.252  2.283419e+02 -2.094548e-279  4.345870e+02  1.081468e+01  3.278298e-276 -1.207964e+01  0.961197558542  0.000000000000 -0.275860931363 -0.000000000000  1.000000000000  0.000000000000  0.275860931363  0.000000000000  0.961197558542 
39.502  2.309670e+02  1.861225e-276  4.315581e+02  1.016509e+01  1.109328e-275 -1.215628e+01  0.951124397772  0.000000000000 -0.308807998542 -0.000000000000  1.000000000000  0.000000000000  0.308807998542  0.000000000000  0.951124397772 
39.752  2.334249e+02  6.686664e-276  4.285086e+02  9.504551e+00  2.619664e-275 -1.223748e+01  0.960712293779  0.000000000000 -0.277546191798 -0.000000000000  1.000000000000  0.000000000000  0.277546191798  0.000000000000  0.960712293779 
40.002  2.357328e+02  1.631337e-275  4.254423e+02  8.988643e+00  4.832406e-275 -1.226782e+01  0.982515003062  0.000000000000 -0.186183427724 -0.000000000000  1.000000000000  0.000000000000  0.186183427724  0.000000000000  0.982515003062 
40.252  2.379431e+02  3.122550e-275  4.223728e+02  8.742512e+00  6.820299e-275 -1.228395e+01  0.998716963699  0.000000000000 -0.050640166067 -0.000000000000  1.000000000000  0.000000000000  0.050640166067  0.000000000000  0.998716963699 
40.502  2.401316e+02  4.655739e-275  4.193014e+02  8.822831e+00  5.289453e-275 -1.228796e+01  0.995089457780  0.000000000000  0.098979649502 -0.000000000000  1.000000000000 -0.000000000000 -0.098979649502  0.000000000000  0.995089457780 
40.752  2.423815e+02  4.207338e-275  4.162268e+02  9.230254e+00 -8.346090e-275 -1.231563e+01  0.973902745262  0.000000000000  0.226965730389 -0.000000000000  1.000000000000 -0.000000000000 -0.226965730389  0.000000000000  0.973902745262 
41.002  2.447680e+02 -3.735180e-275  4.131391e+02  9.907178e+00 -5.264423e-274 -1.237954e+01  0.952276974939  0.000000000000  0.305235258450 -0.000000000000  1.000000000000 -0.000000000000 -0.305235258450 -0.000000000000  0.952276974939 
41.252  2.473426e+02 -3.066459e-274  4.100292e+02  1.070312e+01 -1.552025e-273 -1.250249e+01  0.947562889257  0.000000000000  0.319569352259 -0.000000000000  1.000000000000 -0.000000000000 -0.319569352259 -0.000000000000  0.947562889257 
41.502  2.501148e+02 -9.461220e-274  4.068890e+02  1.146017e+01 -3.393258e-273 -1.261451e+01  0.963559516330  0.000000000000  0.267494034493 -0.000000000000  1.000000000000 -0.000000000000 -0.267494034493 -0.000000000000  0.963559516330 
