0.00195312  0.000000e+00  0.000000e+00  0.000000e+00  0.000000e+00  0.000000e+00  0.000000e+00  0.998750260395  0.000000000000 -0.049979169271  0.000000000000  1.000000000000  0.000000000000  0.049979169271 -0.000000000000  0.998750260395 
0.126953  1.924964e-02  1.296068e-22  3.140750e-01  3.130760e-01  4.229395e-21  4.993206e+00  0.998750260395  0.000000000000 -0.049979169271  0.000000000000  1.000000000000  0.000000000000  0.049979169271 -0.000000000000  0.998750260395 
0.251953  7.767397e-02  2.095259e-21  1.258888e+00  6.265552e-01  3.400305e-20  1.004648e+01  0.998750260395  0.000000000000 -0.049979169271  0.000000000000  1.000000000000  0.000000000000  0.049979169271 -0.000000000000  0.998750260395 
0.376953  1.752321e-01  1.061105e-20  2.835812e+00  9.389522e-01  1.131601e-19  1.510461e+01  0.998750260395  0.000000000000 -0.049979169271  0.000000000000  1.000000000000  0.000000000000  0.049979169271 -0.000000000000  0.998750260395 
0.501953  3.116974e-01  3.347161e-20  5.044231e+00  1.248782e+00  2.745147e-19  2.014783e+01  0.998750260395  0.000000000000 -0.049979169271  0.000000000000  1.000000000000  0.000000000000  0.049979169271 -0.000000000000  0.998750260395 
0.626953  4.866588e-01  8.241440e-20  7.881338e+00  1.554589e+00  5.257700e-19  2.516178e+01  0.998750260395  0.000000000000 -0.049979169271  0.000000000000  1.000000000000  0.000000000000  0.049979169271 -0.000000000000  0.998750260395 
0.751953  6.995265e-01  1.696297e-19  1.134219e+01  1.854972e+00  8.990789e-19  3.012508e+01  0.998750260395  0.000000000000 -0.049979169271  0.000000000000  1.000000000000  0.000000000000  0.049979169271 -0.000000000000  0.998750260395 
0.876953  9.495426e-01  3.131666e-19  1.541974e+01  2.148702e+00  1.455744e-18  3.502545e+01  0.998748017797 -0.000000000000 -0.050023963726  0.000000000000  1.000000000000 -0.000000000000  0.050023963726  0.000000000000  0.998748017797 
1.00195  1.235828e+00  5.964625e-07  2.010487e+01  2.435017e+00  3.015582e-04  3.984523e+01  0.998742928256 -0.000000000866 -0.050125475140  0.000000001730  1.000000000000  0.000000017193  0.050125475140 -0.000000017258  0.998742928256 
1.12695  1.558147e+00  7.803709e-03  2.522468e+01  2.751740e+00  3.528423e-02  4.051431e+01  0.998771681634  0.000000701753 -0.049549247877 -0.000000550314  0.999999999995  0.000003069971  0.049549247878 -0.000003038933  0.998771681630 
1.25195  1.931265e+00 -1.490355e-02  3.015393e+01  3.268034e+00 -2.419243e-01  3.858216e+01  0.998995199114 -0.000078761600 -0.044817250505  0.000079810902  0.999999996581  0.000021623551  0.044817248649 -0.000025178729  0.998995201985 
1.37695  2.316486e+00 -4.504133e-02  3.481843e+01  2.781984e+00 -2.405464e-01  3.655510e+01  0.996271368869 -0.000078229606  0.086274871499  0.000077695530  0.999999996936  0.000009548247 -0.086274871982 -0.000002809474  0.996271371895 
1.50195  2.625432e+00 -5.770212e-02  3.925499e+01  1.973582e+00 -1.334950e-01  3.467653e+01  0.973034353024 -0.000061386320  0.230660235125  0.000073595481  0.999999996309 -0.000044327585 -0.230660231552  0.000060107814  0.973034353950 
1.62695  2.776355e+00 -8.729682e-02  4.342605e+01  4.283569e-01 -1.827180e-01  3.218711e+01  0.972187985188 -0.000094253884  0.234201862871  0.000086367631  0.999999995305  0.000043929242 -0.234201865912 -0.000022480021  0.972187988764 
1.75195  2.733187e+00 -9.846414e-02  4.736860e+01 -1.142055e+00 -4.996772e-03  3.075582e+01  0.973143558297 -0.000109417585  0.230199050765  0.000114301126  0.999999993437 -0.000007879356 -0.230199048392  0.000033979755  0.973143564416 
