0.00195312  0.000000e+00  0.000000e+00  0.000000e+00  0.000000e+00  0.000000e+00  0.000000e+00  0.998750260395  0.000000000000 -0.049979169271  0.000000000000  1.000000000000  0.000000000000  0.049979169271 -0.000000000000  0.998750260395 
1.00195  0.000000e+00  0.000000e+00  0.000000e+00  0.000000e+00  0.000000e+00  0.000000e+00  0.998750260395  0.000000000000 -0.049979169271  0.000000000000  1.000000000000  0.000000000000  0.049979169271 -0.000000000000  0.998750260395 
1.00196  0.000000e+00  0.000000e+00  6.475077e+01  1.367957e+01  2.555136e-01  1.678533e+02 -0.100346424172  0.000037997394  0.994952558523  0.000891863469  0.999999600950  0.000051759183 -0.994952159521  0.000892555689 -0.100346418017 
1.09791  0.000000e+00  0.000000e+00  6.475077e+01  1.367957e+01  2.555136e-01  1.678533e+02 -0.100346424172  0.000037997394  0.994952558523  0.000891863469  0.999999600950  0.000051759183 -0.994952159521  0.000892555689 -0.100346418017 
1.09792  1.312713e+00  2.451948e-02  1.107585e+02 -3.646808e+00  2.874986e-01  1.606401e+02 -0.929970023349  0.001779795107 -0.367631048745  0.001543965294  0.999998370423  0.000935586828  0.367632114815  0.000302458124 -0.929971255833 
1.19275  1.312713e+00  2.451948e-02  1.107585e+02 -3.646808e+00  2.874986e-01  1.606401e+02 -0.929970023349  0.001779795107 -0.367631048745  0.001543965294  0.999998370423  0.000935586828  0.367632114815  0.000302458124 -0.929971255833 
1.19276  9.668748e-01  5.178386e-02  1.388587e+02  1.541506e+01  3.025921e-01  1.304216e+02  0.551553793811  0.000946552592 -0.834138787355 -0.001378959149  0.999999024379  0.000222962319  0.834138184598  0.001027267599  0.551554560961 
1.27892  9.668748e-01  5.178386e-02  1.388587e+02  1.541506e+01  3.025921e-01  1.304216e+02  0.551553793811  0.000946552592 -0.834138787355 -0.001378959149  0.999999024379  0.000222962319  0.834138184598  0.001027267599  0.551554560961 
1.27893  2.295167e+00  7.785776e-02  1.554726e+02  3.466386e+01  3.305044e-01  1.348151e+02 -0.988280358999 -0.002995139094 -0.152620316994 -0.003208456515  0.999994189982  0.001151438211  0.152615981549  0.001627619419 -0.988284226845 
1.35232  2.295167e+00  7.785776e-02  1.554726e+02  3.466386e+01  3.305044e-01  1.348151e+02 -0.988280358999 -0.002995139094 -0.152620316994 -0.003208456515  0.999994189982  0.001151438211  0.152615981549  0.001627619419 -0.988284226845 
1.35233  4.839464e+00  1.021165e-01  1.663916e+02  3.758938e+01  3.641032e-01  1.114020e+02  0.055431770843 -0.002746878192 -0.998458698916 -0.001019190950  0.999995539056 -0.002807688991  0.998461957228  0.001173255243  0.055428723972 
1.41382  4.839464e+00  1.021165e-01  1.663916e+02  3.758938e+01  3.641032e-01  1.114020e+02  0.055431770843 -0.002746878192 -0.998458698916 -0.001019190950  0.999995539056 -0.002807688991  0.998461957228  0.001173255243  0.055428723972 
1.51383  9.914925e+00  1.443885e-01  1.778761e+02  4.465879e+01  2.890574e-01  9.541955e+01  0.819875949721 -0.009235010661 -0.572466716628  0.008214541595  0.999956726327 -0.004366552437  0.572482269049 -0.001122520330  0.819916332056 
1.63636  1.675470e+01  1.727554e-01  1.865630e+02  6.849002e+01 -9.664335e-02  8.420259e+01  0.491924124712  0.000233857898 -0.870638042378 -0.000031538746  0.999999968056  0.000250785297  0.870638073215 -0.000095908505  0.491924116374 
1.77635  2.605345e+01  1.584438e-01  1.946303e+02  4.207207e+01 -9.288937e-02  7.679253e+01  0.834711261990 -0.000207020217  0.550687811967  0.000122731044  0.999999974438  0.000189899294 -0.550687837203 -0.000090924589  0.834711266061 
1.87976  3.005342e+01  1.486836e-01  2.010873e+02  3.603291e+01 -9.530961e-02  8.887790e+01  0.939793903807 -0.000261162207  0.341741642416  0.000364533344  0.999999905173 -0.000238261956 -0.341741547784  0.000348493358  0.939793909892 
2.01761  3.369914e+01  1.360799e-01  2.112705e+02  1.044928e+01 -8.040650e-02  9.270367e+01  0.910043598427 -0.000053668562  0.414512540318  0.000226910866  0.999999906286 -0.000368698673 -0.414512481685  0.000429589267  0.910043525322 
2.1549  3.409613e+01  1.264874e-01  2.214091e+02 -9.905783e+00 -5.956880e-02  9.912792e+01  0.812755854952 -0.000131383284  0.582604413800  0.000336176012  0.999999913854 -0.000243468374 -0.582604331624  0.000393737975  0.812755829105 
2.25498  3.268522e+01  1.207807e-01  2.297648e+02 -2.140151e+01 -4.742462e-02  9.252927e+01  0.695312620235 -0.000118184464  0.718707413469  0.000579880598  0.999999753238 -0.000396564523 -0.718707189251  0.000692500803  0.695312517190 
2.38053  2.940752e+01  1.151217e-01  2.404311e+02 -3.178876e+01 -3.686803e-02  9.070476e+01  0.603930854513 -0.000271907907  0.797036667308  0.000997005278  0.999999417167 -0.000414302773 -0.797036090116  0.001044859991  0.603930773616 
2.52119  2.427273e+01  1.105952e-01  2.538096e+02 -4.090393e+01 -2.324927e-02  9.014327e+01  0.686925242985 -0.000526074182  0.726727895292  0.000803319113  0.999999676712 -0.000035427518 -0.726727641712  0.000608130465  0.686925443515 
2.64397  1.874842e+01  1.081511e-01  2.647120e+02 -4.807210e+01 -1.594674e-02  8.899273e+01  0.757213474447 -0.000670075823  0.653167134135  0.000944025351  0.999999552061 -0.000068517215 -0.653166795644  0.000668488491  0.757213767830 
2.75154  1.314246e+01  1.059329e-01  2.747232e+02 -5.514096e+01 -2.266897e-02  9.231267e+01  0.838309645045 -0.000660654357  0.545194004516  0.000711682529  0.999999739854  0.000117469848 -0.545193940293  0.000289528941  0.838309897139 
2.88252  5.222449e+00  1.034955e-01  2.834124e+02 -6.466761e+01 -1.627415e-02  7.883279e+01  0.906713474923 -0.000536102280  0.421746828069  0.000623293171  0.999999803381 -0.000068871038 -0.421746708224  0.000325318216  0.906713630795 
3.01161 -3.747475e+00  1.016440e-01  2.925643e+02 -6.866472e+01 -9.506203e-03  6.870721e+01  0.950592289104 -0.000562483111  0.310441594359  0.000703233526  0.999999694432 -0.000341466578 -0.310441307429  0.000542908433  0.950592394190 
3.13407 -1.197832e+01  1.006498e-01  2.991474e+02 -5.832788e+01 -1.011665e-02  5.820434e+01  0.994588896251 -0.000833496496  0.103885671474  0.000850125300  0.999999631940 -0.000115790696 -0.103885536727  0.000203479978  0.994589238759 
3.25032 -1.899381e+01  9.973041e-02  3.026258e+02 -6.522742e+01  5.592071e-03  9.509664e+01  0.975597762748 -0.001375368009 -0.219561184373  0.001439279033  0.999998955640  0.000131128973  0.219560774722 -0.000443938942  0.975598723411 
3.38455 -2.708225e+01  9.964119e-02  3.045691e+02 -5.166817e+01 -1.521228e-02  8.308033e+01  0.928705694504 -0.001513787384  0.370814564767  0.002110437385  0.999997049086 -0.001203276093 -0.370811649021  0.001900070280  0.928706148727 
3.50145 -3.599626e+01  1.072363e-01  3.060801e+02 -1.053540e+02  1.783029e-01  7.449098e+01  0.505458049768  0.001182130186  0.862850370860  0.003788085335  0.999986384392 -0.003589072243 -0.862842865378  0.005082676292  0.505446689640 
3.6258 -5.376007e+01  1.517620e-01  3.075899e+02 -2.265764e+02  7.480588e-01  7.929806e+01 -0.113629501115  0.006149962830  0.993504159243  0.009091794412  0.999945406977 -0.005149984501 -0.993481593061  0.008447545394 -0.113679211935 
3.751 -9.684033e+01  3.157207e-01  3.054229e+02 -4.429761e+02  1.967156e+00 -7.887969e+00 -0.912621067492  0.012977408766  0.408600506647  0.015254267595  0.999880969276  0.002314000852 -0.408521840898  0.008344707396 -0.912710398411 
3.8778 -1.584971e+02  6.236385e-01  3.076065e+02 -5.545236e+02  3.012862e+00 -1.851250e+01 -0.326226576067  0.007232011457  0.945263941488  0.006612323689  0.999963727625 -0.005368483019 -0.945268479451  0.004499049318 -0.326262563455 
4.00303 -2.291980e+02  1.007958e+00  3.074464e+02 -6.926496e+02  3.751778e+00 -3.385746e+01 -0.399790811016  0.007934533341  0.916572065147  0.006401497062  0.999962315205 -0.005864213881 -0.916584054118  0.003522974559 -0.399826537873 
4.12711 -3.307191e+02  1.552642e+00  3.091820e+02 -8.480589e+02  4.472545e+00  1.872130e+01  0.329499033585  0.001780649768  0.944154233244  0.002522867801  0.999992991026 -0.002766412200 -0.944152541703  0.003293506461  0.329492231791 
4.25001 -4.323320e+02  2.083823e+00  3.098352e+02 -9.506923e+02  4.921694e+00  5.585089e+01  0.682918084327 -0.000176710183  0.730494941031  0.001976920052  0.999996755853 -0.001606260056 -0.730492287355  0.002541074137  0.682916218182 
4.38089 -5.599041e+02  2.743939e+00  3.112135e+02 -9.821280e+02  5.099666e+00  8.161833e+01  0.998459076280 -0.001804987522  0.055463636867  0.001800602067  0.999998370589  0.000129041385 -0.055463779412 -0.000028974603  0.998460699444 
4.50109 -6.840645e+02  3.396139e+00  3.127184e+02 -9.075215e+02  4.883584e+00  9.004079e+01  0.838662808690 -0.000283622532 -0.544650909188  0.001336824578  0.999997924149  0.001537724620  0.544649342441 -0.002017735170  0.838661446904 
4.62921 -7.927777e+02  4.002493e+00  3.131971e+02 -7.578969e+02  4.536465e+00  6.153402e+01  0.429280656781  0.002090793177 -0.903168725265  0.001048348808  0.999995493346  0.002813228081  0.903170536875 -0.002154500254  0.429276530281 
4.75608 -8.792619e+02  4.563377e+00  3.129338e+02 -5.759603e+02  4.294353e+00  1.492664e+01  0.002663466386  0.004352037735 -0.999986982772  0.001252665288  0.999989730668  0.004355386169  0.999995668379 -0.001264249407  0.002657987388 
4.88183 -9.416487e+02  5.098676e+00  3.112017e+02 -3.885712e+02  4.233040e+00 -2.712884e+01 -0.276594197711  0.006370633040 -0.960965693887  0.001770980548  0.999979707269  0.006119532525  0.960985178564 -0.000009224362 -0.276599867127 
5.00001 -9.756446e+02  5.597402e+00  3.119950e+02 -6.442511e+01  3.116201e+00  6.458315e+01 -0.265499333655  0.006501082906 -0.964089124381  0.001642468454  0.999978863978  0.006290778586  0.964109644245  0.000086711549 -0.265504399879 
5.13002 -9.918647e+02  5.837335e+00  3.125823e+02 -1.694381e+02 -1.046426e+00  5.638135e+01  0.906436492342 -0.001251395013  0.422340288583 -0.004090110353  0.999922706241  0.011741062134 -0.422322337022 -0.012369945564  0.906361312115 
5.25518 -1.012782e+03  6.262825e+00  3.098843e+02 -3.573461e+01  1.456410e+01 -8.733827e+00  0.053882357798 -0.027573480885 -0.998166516504  0.045348249277  0.998654878491 -0.025139012574  0.997517031336 -0.043910554740  0.055060288564 
5.37833 -1.026892e+03  8.457061e+00  3.085927e+02 -1.905540e+02  2.785538e+01  3.164301e+01  0.708056646023 -0.089920996161  0.700407024859  0.115083191423  0.993292910166  0.011182739680 -0.696714895115  0.072687062565  0.713656041704 
5.5067 -1.047985e+03  4.416744e+00  3.052942e+02 -5.137444e+01 -2.391015e+01 -2.274821e+01 -0.006524933391 -0.104023437517 -0.994553442351  0.250729610981  0.962633511298 -0.102329786004  0.968035168484 -0.250031692738  0.019800636480 
5.62664 -1.065323e+03  5.794956e+00  3.051522e+02 -2.615860e+02  5.791023e+01 -2.183010e+01 -0.223165639954  0.595967132973  0.771375572312  0.191214120178  0.802722577559 -0.564866022808 -0.955842171799  0.021439213918 -0.293097428713 
5.75268 -1.095254e+03 -9.718560e+00  3.028840e+02 -2.205891e+02 -3.070860e+02  4.182632e+01  0.321885534231  0.630274440882 -0.706501119619  0.941562355155 -0.291323038733  0.169089380087 -0.099247338542 -0.719642283551 -0.687215358907 
5.87741 -1.136275e+03 -6.400390e+01  2.999342e+02 -3.752926e+02 -5.580678e+02  1.104589e+02  0.990210665020  0.129293606440 -0.052592796228 -0.129103754709  0.991606344115  0.007005628502  0.053057133369 -0.000147120594  0.998591467495 
6.00114 -1.191949e+03 -1.220916e+02  2.965060e+02 -4.673905e+02 -4.196420e+02 -1.182803e+02 -0.784726459728  0.547274041853 -0.291024924219  0.467069911093  0.830751830399  0.302815281055  0.407492431285  0.101698177973 -0.907528180853 
6.13072 -1.249714e+03 -1.883202e+02  2.932018e+02 -5.377579e+02 -6.616746e+02  4.611284e+01  0.911154191057 -0.189746262502  0.365779162865  0.229058302258  0.971116500108 -0.066820935226 -0.342535157738  0.144668929229  0.928299825826 
6.25241 -1.323798e+03 -2.881973e+02  2.911434e+02 -6.823898e+02 -1.022475e+03 -8.566259e+01 -0.533429783542  0.769465896565 -0.351247633519  0.794262734186  0.312873442577 -0.520823307863 -0.290859717241 -0.556805570152 -0.778054099619 
6.37973 -1.421267e+03 -4.474061e+02  2.888025e+02 -8.504668e+02 -1.377493e+03  7.575256e+01  0.866886311639 -0.276807285157  0.414591183670  0.347233565728  0.932019635771 -0.103770175718 -0.357682783377  0.233916919911  0.904071845074 
6.50601 -1.538982e+03 -6.365506e+02  2.845797e+02 -1.201014e+03 -1.777469e+03 -7.611464e+01 -0.426198628177  0.770086807369  0.474679932646  0.397311711356  0.630752087002 -0.666554730508 -0.812710362527 -0.095488815362 -0.574790181528 
6.63127 -1.699378e+03 -9.010692e+02  2.804767e+02 -1.285753e+03 -2.318040e+03  5.438246e+01  0.507403678784 -0.096295118149 -0.856311133279  0.144634636314  0.989155688371 -0.025531277692  0.849483565901 -0.110897585108  0.515828844562 
6.75549 -1.861766e+03 -1.177163e+03  2.761972e+02 -1.496886e+03 -2.380189e+03 -5.966395e+01 -0.375829381694  0.289267266357  0.880384418575  0.064956781616  0.955918853225 -0.286356006695 -0.924409483064 -0.050434062524 -0.378052262207 
6.87864 -2.043859e+03 -1.496160e+03  2.724432e+02 -1.400753e+03 -2.522749e+03  5.811776e+01  0.997828745660  0.019304594422  0.062969254154 -0.018093659728  0.999641322751 -0.019744501175 -0.063327828102  0.018562286583  0.997820137953 
7.00077 -2.210534e+03 -1.786858e+03  2.687708e+02 -1.413488e+03 -2.478822e+03 -1.271563e+02 -0.911246569944 -0.195640095318 -0.362428809382 -0.217268827659  0.975917586320  0.019471035877  0.349891333550  0.096487397181 -0.931808047235 
7.12828 -2.390247e+03 -2.097585e+03  2.643163e+02 -1.534499e+03 -2.396202e+03 -8.063454e+00  0.035753405962 -0.271363593790  0.961812608530  0.004427604895  0.962461510648  0.271382086431 -0.999350834431 -0.005444307694  0.035612767889 
7.25469 -2.573586e+03 -2.389856e+03  2.593750e+02 -1.342633e+03 -2.253032e+03  6.012349e+01  0.271538863186  0.004205703179 -0.962418286319 -0.118091532421  0.992579712446 -0.028981104380  0.955154979964  0.121522946398  0.270020624673 
7.38003 -2.755702e+03 -2.668871e+03  2.552019e+02 -1.523387e+03 -2.153720e+03 -1.035985e+02 -0.791392691929 -0.582520255287  0.185385434546 -0.419893708253  0.738392327508  0.527698819827 -0.444282433741  0.339774811983 -0.828954881891 
7.5043 -2.942574e+03 -2.916842e+03  2.504346e+02 -1.560481e+03 -1.775753e+03  1.372673e+02  0.941335194341  0.122583524881 -0.314422218239 -0.120486954240  0.992369806917  0.026173654262  0.315231574803  0.013245593499  0.948922340606 
7.62751 -3.147858e+03 -3.123502e+03  2.451230e+02 -1.702511e+03 -1.479526e+03 -8.719178e+01 -0.202097293069 -0.870556126006 -0.448652109778 -0.979020208666  0.167417866650  0.116149425091 -0.026002214458  0.462712966536 -0.886126737799 
7.75577 -3.389533e+03 -3.294385e+03  2.397381e+02 -1.985139e+03 -1.121193e+03 -1.768789e+01  0.240199146416 -0.292473659699  0.925615216191 -0.264980940510  0.897562549780  0.352372771930 -0.933857307744 -0.329910029575  0.138093812891 
7.87687 -3.631864e+03 -3.401363e+03  2.343278e+02 -2.006804e+03 -6.077478e+02 -2.741449e+01 -0.125260520688 -0.563455933085 -0.816594889421 -0.010033206536  0.823754873569 -0.566857339229  0.992073150893 -0.062811780286 -0.108837234134 
8.00294 -3.888568e+03 -3.456935e+03  2.298760e+02 -2.337214e+03 -3.199421e+02 -1.369886e+01  0.118842152811 -0.355582405824  0.927058625646 -0.248049298216  0.893438517452  0.374485194885 -0.961430230630 -0.274460868252  0.017976190596 
8.1279 -4.193155e+03 -3.466723e+03  2.228596e+02 -2.316132e+03  1.438278e+02  7.256863e+01  0.863285922542  0.108424974882 -0.492931476742 -0.145582882972  0.988634952541 -0.037504063767  0.483262909943  0.104139115780  0.869259457491 
8.25178 -4.483124e+03 -3.434796e+03  2.174778e+02 -2.554646e+03  4.355781e+02 -1.311066e+02 -0.884383167317 -0.452240145214  0.115521705420 -0.388820231514  0.850712914315  0.353703781410 -0.258234856152  0.267892494249 -0.928196299601 
8.3804 -4.808369e+03 -3.359995e+03  2.117857e+02 -2.690886e+03  7.381409e+02  5.338608e+00  0.446882658579 -0.200998505667  0.871719846155 -0.092295139295  0.958873479904  0.268408749483 -0.889818799939 -0.200402720182  0.409952744861 
8.50209 -5.147950e+03 -3.242581e+03  2.043576e+02 -2.650251e+03  1.203768e+03  2.043987e+01  0.415303737810 -0.005538566518 -0.909665943983 -0.095528208377  0.994186922238 -0.049666135908  0.904653064310  0.107525289736  0.412360455551 
