0.00195312  0.000000e+00  0.000000e+00  0.000000e+00  0.000000e+00  0.000000e+00  0.000000e+00  0.998750260395  0.000000000000 -0.049979169271  0.000000000000  1.000000000000  0.000000000000  0.049979169271 -0.000000000000  0.998750260395 
0.125953  8.892778e-02  9.986860e-05  1.877635e+00  1.567605e+00  3.615039e-03  3.312620e+01  0.998784878732  0.001629790113 -0.049255556043 -0.001625935416  0.999998671166  0.000118326539  0.049255683438 -0.000038096405  0.998786201445 
0.250953  3.526661e-01  6.911116e-04  7.218803e+00  2.803719e+00  4.962455e-03  5.311719e+01  0.999160809539 -0.000718710701 -0.040953145615  0.000716713596  0.999999741148 -0.000063447590  0.040953180615  0.000034042669  0.999161066014 
0.376053  7.338879e-01  1.023084e-03  1.593573e+01  3.224275e+00  2.192176e-03  7.957487e+01  0.999728720556  0.000108578230 -0.023291060667 -0.000108982437  0.999999993932 -0.000016085294  0.023291058779  0.000018619247  0.999728726322 
0.500124  1.133660e+00  1.333726e-03  2.784552e+01  3.164758e+00  1.911394e-03  1.006416e+02  0.999608630762  0.000376794005 -0.027972188549 -0.000371984857  0.999999915126  0.000177129503  0.027972252916 -0.000166654950  0.999608686083 
0.625047  1.543175e+00  2.072376e-03  4.242527e+01  3.173960e+00  7.637767e-03  1.191194e+02  0.999806318351  0.000630200274 -0.019670501596 -0.000627690981  0.999999794059  0.000133740153  0.019670581828 -0.000121367254  0.999806508021 
0.750099  1.935603e+00  2.719202e-03  5.866802e+01  3.067736e+00  6.468174e-03  1.318354e+02  0.999750138785  0.000644381465 -0.022343785967 -0.000644415695  0.999999792348  0.000005668265  0.022343784980  0.000008731837  0.999750346435 
0.876334  2.318702e+00  3.963878e-03  7.664374e+01  2.851200e+00  1.282156e-02  1.415835e+02  0.999809203311  0.000670426879 -0.019521974871 -0.000665380700  0.999999743527  0.000264981345  0.019522147515 -0.000251941242  0.999809392975 
1.00135  2.655491e+00  5.334113e-03  9.444586e+01  2.676558e+00  1.279226e-02  1.542246e+02  0.999878407902  0.000660935443 -0.015579877249 -0.000654836350  0.999999706960  0.000396570678  0.015580134791 -0.000386320189  0.999878547703 
1.12793  2.977726e+00  6.664171e-03  1.131806e+02  2.494026e+00  8.471218e-03  1.519861e+02  0.999900010962  0.000789951541 -0.014118925437 -0.000784068898  0.999999603500  0.000422180027  0.014119253341 -0.000411067603  0.999900233878 
1.25216  3.269992e+00  8.129472e-03  1.318917e+02  2.298559e+00  1.358242e-02  1.540191e+02  0.999907978037  0.000835124894 -0.013540237263 -0.000829081898  0.999999554202  0.000451906183  0.013540608625 -0.000440638632  0.999908224666 
1.37712  3.557050e+00  1.012806e-02  1.523502e+02  2.072836e+00  1.898468e-02  1.496644e+02  0.999922307091  0.000748834376 -0.012442629536 -0.000744121512  0.999999649646  0.000383392829  0.012442912275 -0.000374104213  0.999922513988 
1.50122  3.787130e+00  1.289735e-02  1.705470e+02  1.884605e+00  2.797896e-02  1.587940e+02  0.999929608978  0.000498479602 -0.011854476210 -0.000492916637  0.999999767036  0.000472188307  0.011854708825 -0.000466311801  0.999929621739 
1.62737  4.020642e+00  1.719081e-02  1.901153e+02  1.678108e+00  3.841232e-02  1.502580e+02  0.999938934325  0.000683097407 -0.011030004509 -0.000678398440  0.999999677544  0.000429752682  0.011030294516 -0.000422243701  0.999939075301 
1.75203  4.223074e+00  2.283583e-02  2.092521e+02  1.485421e+00  4.904068e-02  1.660525e+02  0.999947817880  0.000785062217 -0.010185538516 -0.000779566714  0.999999548442  0.000543498796  0.010185960597 -0.000535530129  0.999947978354 
1.87569  4.400654e+00  2.987099e-02  2.277029e+02  1.304935e+00  6.294574e-02  1.259741e+02  0.999953308835  0.000896278503 -0.009621685635 -0.000891691722  0.999999486766  0.000480992186  0.009622111800 -0.000472390150  0.999953594829 
2.00128  4.547718e+00  3.815431e-02  2.448867e+02  1.141823e+00  7.601523e-02  1.375709e+02  0.999962156741  0.001105920659 -0.008629138134 -0.001101333295  0.999999249698  0.000536346942  0.008629724816 -0.000526823088  0.999962624455 
2.12648  4.684988e+00  4.897526e-02  2.616640e+02  9.729619e-01  8.871710e-02  1.125144e+02  0.999971421377  0.000897364176 -0.007506741474 -0.000895301158  0.999999560526  0.000278178067  0.007506987802 -0.000271449323  0.999971785327 
2.25023  4.791738e+00  5.994500e-02  2.782486e+02  8.071456e-01  9.462930e-02  1.422025e+02  0.999977701678  0.001182638221 -0.006572481555 -0.001180913921  0.999999267283  0.000266226014  0.006572791588 -0.000258458542  0.999978365571 
2.37588  4.886190e+00  7.205025e-02  2.932359e+02  6.359740e-01  9.172971e-02  1.062859e+02  0.999983328508  0.001030220525 -0.005681668102 -0.001030577468  0.999999467161 -0.000059896270  0.005681603368  0.000065750670  0.999983857400 
2.50118  4.958751e+00  8.397837e-02  3.059596e+02  4.863134e-01  9.423233e-02  1.058772e+02  0.999986669873  0.000854519375 -0.005092138361 -0.000854630583  0.999999634610 -0.000019663108  0.005092119698  0.000024014743  0.999987034786 
2.62584  5.010205e+00  9.515233e-02  3.157028e+02  3.772524e-01  9.482637e-02  7.428256e+01  0.999990727804  0.000885896353 -0.004214201499 -0.000885397388  0.999999600804  0.000120265065  0.004214306359 -0.000116532707  0.999991112982 
2.75155  5.053563e+00  1.078813e-01  3.274435e+02  2.867771e-01  9.916599e-02  6.420424e+01  0.999992108033  0.000892056139 -0.003871447646 -0.000891607702  0.999999595608  0.000117556468  0.003871550947 -0.000114103728  0.999992499009 
2.87678  5.085335e+00  1.208796e-01  3.357459e+02  2.067163e-01  1.034942e-01  7.826304e-01  0.999994836202  0.000969470846 -0.003063934700 -0.000968754777  0.999999503101  0.000235184419  0.003064161182 -0.000232215004  0.999995278485 
3.00049  5.107648e+00  1.337630e-01  3.430468e+02  1.459113e-01  1.079305e-01 -5.583974e+00  0.999996238931  0.001051332418 -0.002533145119 -0.001050977016  0.999999437694  0.000141627748  0.002533292593 -0.000138964938  0.999996781554 
3.12635  5.122816e+00  1.467426e-01  3.488222e+02  1.046593e-01  1.061015e-01 -2.424604e+01  0.999997734356  0.000948362402 -0.001905752048 -0.000948521413  0.999999546747 -0.000082535100  0.001905672911  0.000084342559  0.999998180647 
3.25074  5.135971e+00  1.607669e-01  3.577717e+02  9.631172e-02  1.095617e-01 -8.053571e+00  0.999997727971  0.001060061365 -0.001849411596 -0.001059753723  0.999999424463  0.000167317604  0.001849587898 -0.000165357303  0.999998275839 
3.3766  5.146707e+00  1.736900e-01  3.607218e+02  9.194729e-02  1.119322e-01 -3.247646e+00  0.999996483349  0.001029497574 -0.002444059022 -0.001029144656  0.999999459823  0.000145651761  0.002444207650 -0.000143135959  0.999997002676 
3.50033  5.158288e+00  1.878483e-01  3.666298e+02  8.537736e-02  1.079964e-01 -7.075956e+00  0.999996350328  0.001185329598 -0.002427822928 -0.001185490135  0.999999295214 -0.000064685814  0.002427744543  0.000067563738  0.999997050741 
3.62581  5.168849e+00  2.013667e-01  3.740317e+02  8.532002e-02  1.097125e-01  2.663648e+01  0.999997263081  0.001212106614 -0.002001156673 -0.001212255638  0.999999262535 -0.000073257881  0.002001066401  0.000075683594  0.999997995001 
3.75234  5.180411e+00  2.160632e-01  3.782069e+02  8.950551e-02  1.084828e-01 -5.990601e+00  0.999996509566  0.001035091768 -0.002430934262 -0.001035296709  0.999999460632 -0.000083048284  0.002430846989  0.000085564733  0.999997041826 
3.87625  5.190632e+00  2.285002e-01  3.830614e+02  8.897824e-02  1.112218e-01 -8.512665e+00  0.999995186828  0.001300922943 -0.002816721487 -0.001301075425  0.999999152233 -0.000052303002  0.002816651057  0.000055967517  0.999996031664 
4.00258  5.202204e+00  2.434641e-01  3.869368e+02  8.643649e-02  1.112911e-01 -3.921589e+00  0.999995943639  0.001334569624 -0.002516272848 -0.001335015577  0.999999093456 -0.000175556078  0.002516036275  0.000178914629  0.999996818770 
4.12777  5.212621e+00  2.571075e-01  3.888715e+02  7.877921e-02  1.084645e-01 -6.245540e+00  0.999996078451  0.001239610779 -0.002511264031 -0.001239894522  0.999999225122 -0.000111434407  0.002511123950  0.000114547672  0.999996840563 
4.25109  5.221322e+00  2.697292e-01  3.926868e+02  7.018613e-02  1.073986e-01 -8.267193e+00  0.999996086524  0.001470388783 -0.002380103677 -0.001470434399  0.999998918759 -0.000017416079  0.002380075496  0.000020915797  0.999997167398 
4.37522  5.230160e+00  2.838546e-01  3.955952e+02  6.457816e-02  1.082756e-01 -1.050237e+01  0.999995250730  0.001466674017 -0.002710605955 -0.001466280470  0.999998914181  0.000147169609  0.002710818862 -0.000143194402  0.999996315471 
4.50326  5.238520e+00  2.975300e-01  3.976936e+02  6.644311e-02  1.085397e-01 -2.823462e+00  0.999993513624  0.001488653553 -0.003279728789 -0.001488507498  0.999998891069  0.000046973142  0.003279795078 -0.000042090936  0.999994620572 
4.62792  5.246602e+00  3.117694e-01  4.048424e+02  6.095786e-02  1.105921e-01 -4.664133e+00  0.999993512280  0.001374275310 -0.003329679330 -0.001374519017  0.999999052835 -0.000070904974  0.003329578733  0.000075481221  0.999994454089 
4.75219  5.254294e+00  3.247838e-01  4.040701e+02  6.584862e-02  1.052147e-01 -6.306177e+00  0.999992369150  0.001559686954 -0.003581761868 -0.001559597108  0.999998783439  0.000027877421  0.003581800991 -0.000022291102  0.999993585082 
4.87568  5.262348e+00  3.380627e-01  4.052897e+02  6.256928e-02  1.103471e-01 -7.910246e+00  0.999992373905  0.001664396205 -0.003532975742 -0.001664458881  0.999998614678 -0.000014800094  0.003532946215  0.000020680474  0.999993758912 
5.00188  5.270053e+00  3.521386e-01  4.075810e+02  5.909632e-02  1.147104e-01 -9.478602e+00  0.999992362067  0.001522701788 -0.003599609339 -0.001523150600  0.999998832570 -0.000121945548  0.003599419450  0.000127427364  0.999993513950 
5.12669  5.277803e+00  3.669495e-01  4.102358e+02  6.440493e-02  1.162013e-01  9.748136e-02  0.999991783101  0.001518896140 -0.003758548228 -0.001519521355  0.999998832161 -0.000163494973  0.003758295507  0.000169204824  0.999992923267 
5.25375  5.285635e+00  3.806599e-01  4.116800e+02  7.123644e-02  1.172056e-01 -1.278736e+00  0.999994496021  0.001448039296 -0.002985148154 -0.001448692960  0.999998927138 -0.000216821396  0.002984830985  0.000221144766  0.999995520929 
5.3788  5.295087e+00  3.959621e-01  4.123633e+02  6.938660e-02  1.137534e-01 -2.764976e+00  0.999999067572  0.001246826686 -0.000557025944 -0.001246901390  0.999999213669 -0.000133785155  0.000556858699  0.000134479587  0.999999835912 
5.50152  5.303848e+00  4.097943e-01  4.156616e+02  7.392872e-02  1.107720e-01 -4.103968e+00  0.999994497093  0.000995024308  0.003164760675 -0.000993618963  0.999999407080 -0.000445601792 -0.003165202184  0.000442454774  0.999994892851 
5.62573  5.313222e+00  4.233514e-01  4.167299e+02  8.135626e-02  1.055329e-01 -5.420247e+00  0.999967342582  0.001040337319  0.008014453689 -0.001033896857  0.999999139333 -0.000807707080 -0.008015287079  0.000799394583  0.999967557544 
5.75125  5.324149e+00  4.363168e-01  4.168860e+02  9.226380e-02  1.009544e-01 -6.730076e+00  0.999898812407  0.000882749092  0.014198087957 -0.000872267765  0.999999342511 -0.000744396667 -0.014198735738  0.000731936809  0.999898924978 
5.8779  5.335683e+00  4.492667e-01  4.174099e+02  9.229678e-02  1.011908e-01 -8.028075e+00  0.999764108982  0.000691340349  0.021708257400 -0.000666722827  0.999999126533 -0.001141233529 -0.021709027419  0.001126490932  0.999763696654 
6.00121  5.346685e+00  4.606096e-01  4.179430e+02  1.002349e-01  9.825561e-02 -9.180690e+00  0.999567734065  0.000762090008  0.029389866203 -0.000724524334  0.999998907013 -0.001288812563 -0.029390816272  0.001266961780  0.999567193703 
6.1252  5.359589e+00  4.732602e-01  4.180505e+02  1.015629e-01  9.534637e-02  5.750142e+00  0.999247499716  0.000666139933  0.038781317274 -0.000607233161  0.999998644102 -0.001530706424 -0.038782284355  0.001506005265  0.999246549340 
6.25398  5.372831e+00  4.850556e-01  4.196112e+02  9.753619e-02  9.054362e-02  4.486212e+00  0.998798525436  0.000629228811  0.049001118946 -0.000538052539  0.999998099561 -0.001873866042 -0.049002204912  0.001845249463  0.998796965838 
6.37876  5.385394e+00  4.967690e-01  4.176876e+02  9.736422e-02  8.970593e-02  3.216432e+00  0.998232526074  0.000708682502  0.059424924540 -0.000572620292  0.999997175740 -0.002306646591 -0.059426391389  0.002268541736  0.998230112612 
6.50365  5.396909e+00  5.073618e-01  4.197113e+02  1.005182e-01  9.429000e-02  2.076906e+00  0.997609694461  0.000663003775  0.069097452508 -0.000487996338  0.999996630665 -0.002549611565 -0.069098910098  0.002509797911  0.997606656723 
6.6287  5.409644e+00  5.193406e-01  4.181887e+02  9.323901e-02  9.093312e-02  8.061887e-01  0.996850977264  0.000668532703  0.079294906470 -0.000421393140  0.999995002082 -0.003133406800 -0.079296604946  0.003090125302  0.996846276800 
6.7541  5.421273e+00  5.310180e-01  4.197220e+02  8.606498e-02  8.873017e-02 -4.541178e-01  0.996051685202  0.000812389629  0.088771506856 -0.000490911792  0.999993243098 -0.003643180495 -0.088773866718  0.003585217092  0.996045353790 
6.87571  5.431058e+00  5.417688e-01  4.186210e+02  8.187843e-02  9.085797e-02 -1.584080e+00  0.995319079749  0.000871025600  0.096639385355 -0.000498488210  0.999992352408 -0.003878999347 -0.096642025004  0.003812668466  0.995311902150 
7.00243  5.441717e+00  5.531006e-01  4.197978e+02  7.512488e-02  8.433055e-02 -2.838419e+00  0.994659412597  0.000788980924  0.103208674255 -0.000375563173  0.999991829048 -0.004025020526 -0.103211006606  0.003964763175  0.994651581594 
7.12571  5.449594e+00  5.630324e-01  4.160737e+02  6.064949e-02  8.648188e-02 -3.951178e+00  0.994299747765  0.000626102011  0.106619039535 -0.000183342667  0.999991320059 -0.004162474271 -0.106620720222  0.004119199299  0.994291232093 
7.25014  5.455914e+00  5.732041e-01  4.162582e+02  4.393812e-02  8.260574e-02 -5.056658e+00  0.994407103803  0.000582116686  0.105613318505 -0.000163747938  0.999992106296 -0.003969953640 -0.105614795801  0.003930456138  0.994399349569 
7.37592  5.460203e+00  5.847346e-01  4.162234e+02  1.274972e-02  8.264639e-02 -6.272320e+00  0.995219106888  0.000648123368  0.097665291794 -0.000270340710  0.999992431108 -0.003881319718 -0.097667068150  0.003836360639  0.995211749396 
7.50324  5.460056e+00  5.949057e-01  4.148271e+02 -2.110390e-02  8.196796e-02 -7.353403e+00  0.996629653752  0.000479534084  0.082031111834 -0.000201359726  0.999994202013 -0.003399322808 -0.082032266310  0.003371348151  0.996623971865 
7.62763  5.454946e+00  6.048869e-01  4.112062e+02 -6.511098e-02  7.677447e-02 -8.422779e+00  0.998342419385  0.000366082626  0.057552407774 -0.000237896916  0.999997476048 -0.002234122315 -0.057553080388  0.002216727537  0.998339986706 
7.75378  5.444542e+00  6.146832e-01  4.100381e+02 -1.044313e-01  7.357921e-02 -9.478426e+00  0.999748994502  0.000779699942  0.022390624374 -0.000752916313  0.999998991023 -0.001204603699 -0.022391541012  0.001187443070  0.999748572827 
7.87703  5.429628e+00  6.238502e-01  4.110617e+02 -1.282637e-01  7.270179e-02 -1.461594e+00  0.999755583963  0.000960747429 -0.022087310824 -0.000945020816  0.999999292503  0.000722447010  0.022087989287 -0.000701397463  0.999755784565 
8.00218  5.414245e+00  6.320632e-01  4.077236e+02 -1.325619e-01  7.363006e-02 -2.371733e+00  0.997771281998  0.000896532856 -0.066720799225 -0.000732644041  0.999996654511  0.002480765738  0.066722800099 -0.002426354215  0.997768600805 
8.12942  5.397711e+00  6.420250e-01  4.080574e+02 -1.072891e-01  7.647449e-02 -3.365407e+00  0.993003995485  0.000881404494 -0.118077466422 -0.000401108296  0.999991549994  0.004091338681  0.118080074791 -0.004015353806  0.992995958134 
8.25396  5.387644e+00  6.512269e-01  4.043064e+02 -4.108295e-02  7.084912e-02 -4.275758e+00  0.987182022958  0.001000107123 -0.159595279802 -0.000062348567  0.999982706278  0.005880753142  0.159598401188 -0.005795423246  0.987165013261 
8.37576  5.387650e+00  6.600225e-01  4.004305e+02  5.255509e-02  6.936080e-02 -5.125015e+00  0.982315385310  0.001381658234 -0.187228669822 -0.000058305780  0.999974981277  0.007073430599  0.187233758663 -0.006937423191  0.982290889592 
8.50001  5.401545e+00  6.683397e-01  4.004878e+02  1.838058e-01  6.697655e-02 -5.966134e+00  0.980600134552  0.001192005123 -0.196015191351  0.000292430647  0.999971501250  0.007543949394  0.196018597590 -0.007454918640  0.980571840095 
8.62717  5.433710e+00  6.763964e-01  3.980947e+02  3.347499e-01  5.892260e-02 -6.784733e+00  0.983468060346  0.001219576847 -0.181077571532  0.000061394961  0.999975016756  0.007068387047  0.181081668068 -0.006962650149  0.983443415247 
8.75186  5.482897e+00  6.832932e-01  3.967371e+02  4.739549e-01  5.119537e-02 -7.478679e+00  0.989989743159  0.001272207169 -0.141133588949 -0.000475674597  0.999983770231  0.005677412132  0.141138521228 -0.005553446115  0.989974281010 
8.87859  5.548355e+00  6.893486e-01  3.931393e+02  5.707487e-01  4.438885e-02 -8.044222e+00  0.997210708941  0.000951558882 -0.074631739285 -0.000708522838  0.999994360335  0.003282878790  0.074634442239 -0.003220843594  0.997205759208 
9.00437  5.625823e+00  6.946104e-01  3.909902e+02  5.995072e-01  4.045037e-02 -8.488734e+00  0.999998705179  0.000973831238  0.001281129844 -0.000974587682  0.999999351063  0.000589958994 -0.001280554492 -0.000591206803  0.999999005327 
9.1329  5.699969e+00  6.997562e-01  3.870461e+02  5.654963e-01  4.118978e-02 -8.766815e+00  0.999263183088  0.000958482043  0.038368896735 -0.000910170189  0.999998770955 -0.001276588829 -0.038370073165  0.001240725991  0.999262827330 
9.26349  5.767271e+00  7.045897e-01  3.839459e+02  5.206467e-01  3.645997e-02 -8.902095e+00  0.999941218980  0.000662762185  0.010822168464 -0.000657572395  0.999999667105 -0.000483103036 -0.010822485043  0.000475958280  0.999941321919 
9.38234  5.829690e+00  7.088986e-01  3.828717e+02  5.503812e-01  4.435825e-02 -8.918772e+00  0.997784878191  0.000893713527 -0.066517201753 -0.000752826003  0.999997420191  0.002143097051  0.066518945467 -0.002088273951  0.997782976907 
9.50305  5.906046e+00  7.145708e-01  3.793358e+02  6.821992e-01  4.194143e-02 -8.842551e+00  0.990814759786  0.000713156340 -0.135224270005 -0.000080982884  0.999989043387  0.004680443009  0.135226126292 -0.004626501165  0.990803961566 
9.62773  6.001790e+00  7.199334e-01  3.779585e+02  8.505130e-01  3.866553e-02 -8.648984e+00  0.992871599818  0.000334928163 -0.119188397499  0.000194524316  0.999990166428  0.004430486099  0.119188709346 -0.004422088862  0.992861771192 
9.75418  6.117361e+00  7.242442e-01  3.744699e+02  9.726670e-01  3.380565e-02 -8.385462e+00  0.999522458119 -0.000052353695 -0.030900695366  0.000091997404  0.999999174623  0.001281518703  0.030900602769 -0.001283749508  0.999521637953 
9.87963  6.233664e+00  7.286244e-01  3.720932e+02  9.971535e-01  3.632399e-02 -8.084008e+00  0.999539330515 -0.000037711749  0.030350046644  0.000086388033  0.999998712234 -0.001602519330 -0.030349947126  0.001604402979  0.999538046600 
10.0038  6.357963e+00  7.335980e-01  3.690684e+02  9.958199e-01  4.191269e-02 -7.713659e+00  0.999998875681 -0.000116641135 -0.001495002401  0.000115281984  0.999999580048 -0.000909183524  0.001495107822  0.000909010155  0.999998469175 
10.1294  6.494306e+00  7.390207e-01  3.692708e+02  1.070750e+00  4.231114e-02 -7.276082e+00  0.995003104889 -0.000129392809 -0.099843900757  0.000309479956  0.999998353279  0.001788200582  0.099843504962 -0.001810164817  0.995001506441 
10.2502  6.622390e+00  7.439958e-01  3.651422e+02  1.202981e+00  4.777214e-02 -6.890152e+00  0.991729785607  0.000765795553 -0.128341130963 -0.000812704465  0.999999620729 -0.000313133928  0.128340842490  0.000414847653  0.991730031839 
10.3771  6.782976e+00  7.505851e-01  3.641230e+02  1.332202e+00  5.886081e-02 -6.442822e+00  0.998471276516  0.003514403654 -0.055161208646 -0.004016464386  0.999951491502 -0.008993478553  0.055126926145  0.009201283041  0.998436957651 
10.5049  6.956451e+00  7.591016e-01  3.616916e+02  1.373563e+00  7.967310e-02 -5.989491e+00  0.999353587178  0.006291759842  0.035395219347 -0.005670812188  0.999828737775 -0.017616384676 -0.035499995545  0.017404277578  0.999218115047 
10.6252  7.131889e+00  7.708440e-01  3.590870e+02  1.374181e+00  1.088682e-01 -5.527449e+00  0.999746857645  0.004538775224  0.022036790774 -0.004122516314  0.999812915936 -0.018898094799 -0.022118442246  0.018802463861  0.999578532115 
10.754  7.310458e+00  7.864487e-01  3.570667e+02  1.416390e+00  1.371450e-01 -5.069826e+00  0.997238632151 -0.000381679752 -0.074262809443 -0.000746441308  0.999884762839 -0.015162581190  0.074260038858  0.015176144554  0.997123428300 
10.8762  7.477623e+00  8.034316e-01  3.543819e+02  1.515369e+00  1.623298e-01 -4.677157e+00  0.993267568660 -0.001180858041 -0.115836706717 -0.000588640923  0.999883684974 -0.015240407625  0.115841229925  0.015205988853  0.993151341615 
11.0001  7.683010e+00  8.265755e-01  3.531829e+02  1.623226e+00  1.967707e-01 -4.248227e+00  0.998795808086  0.004288970989 -0.048872676187 -0.005393788460  0.999732368683 -0.022496623138  0.048763108964  0.022733141764  0.998551632851 
11.128  7.880211e+00  8.517352e-01  3.506948e+02  1.657362e+00  2.290576e-01 -3.865965e+00  0.999151000117  0.010385025214  0.039867658791 -0.009178620834  0.999497950301 -0.030324911601 -0.040162568217  0.029933235631  0.998744696866 
11.2504  8.082180e+00  8.819053e-01  3.478775e+02  1.649814e+00  2.700391e-01 -3.492778e+00  0.999035030681  0.009059019597  0.042976058875 -0.007676243006  0.999450931811 -0.032232129869 -0.043244453585  0.031871132181  0.998556031561 
11.3758  8.289152e+00  9.177968e-01  3.464768e+02  1.664586e+00  3.095292e-01 -3.131351e+00  0.999018046893  0.000974295131 -0.044294387134 -0.002240122575  0.999590228033 -0.028536956253  0.044248433119  0.028608159156  0.998610859843 
11.5032  8.504015e+00  9.599032e-01  3.458574e+02  1.730628e+00  3.553966e-01 -2.773695e+00  0.994480242336 -0.003002867482 -0.104881029692  0.000192412454  0.999640892277 -0.026796445009  0.104923832278  0.026628354710  0.994123694590 
11.6255  8.733884e+00  1.009288e+00  3.417419e+02  1.801909e+00  4.087219e-01 -2.425349e+00  0.998605102459  0.003156712510 -0.052705640205 -0.004851391875  0.999474276075 -0.032056753750  0.052576737634  0.032267733578  0.998095426314 
11.7504  8.959097e+00  1.062517e+00  3.415912e+02  1.830705e+00  4.570206e-01 -2.153030e+00  0.999135870839  0.011727496497  0.039874521037 -0.010140152654  0.999156997662 -0.039780288170 -0.040307429913  0.039341579133  0.998412515569 
11.8783  9.172172e+00  1.118400e+00  3.399058e+02  1.819583e+00  5.117699e-01 -1.935206e+00  0.998109648898  0.012110071662  0.060253422642 -0.009513553314  0.999021360178 -0.043195071602 -0.060717551656  0.042540193602  0.997248068862 
12.0087  9.425025e+00  1.193328e+00  3.384783e+02  1.820530e+00  5.713617e-01 -1.727256e+00  0.999812929726  0.001677676204 -0.019268911610 -0.002445491758  0.999200956708 -0.039893203489  0.019186587037  0.039932862622  0.999018138655 
12.1259  9.639313e+00  1.262638e+00  3.370585e+02  1.863938e+00  6.224814e-01 -1.585981e+00  0.995876416057 -0.005418675429 -0.090558279015  0.002187046168  0.999358484653 -0.035746831770  0.090693884968  0.035401371571  0.995249396945 
12.2504  9.873230e+00  1.342562e+00  3.341387e+02  1.929118e+00  6.750313e-01 -1.469768e+00  0.996514024698 -0.002572285937 -0.083385741737 -0.000474057551  0.999333804335 -0.036492777135  0.083424060375  0.036405093855  0.995848931963 
12.3888  1.014005e+01  1.438512e+00  3.322793e+02  1.966422e+00  7.292864e-01 -1.356671e+00  0.999923870757  0.008938102013  0.008506645769 -0.008560673090  0.999020401294 -0.043416041669 -0.008886369680  0.043339913825  0.999020862797 
12.5062  1.037009e+01  1.526688e+00  3.318740e+02  1.966294e+00  7.840036e-01 -1.277290e+00  0.997719366804  0.014276283945  0.065971606171 -0.011033170063  0.998724816034 -0.049264703354 -0.066590797131  0.048424472686  0.996604603733 
12.6284  1.060670e+01  1.624568e+00  3.295945e+02  1.939107e+00  8.422223e-01 -1.213182e+00  0.999117138423  0.008753375014  0.041089197302 -0.006713767086  0.998750732360 -0.049516663273 -0.041471303820  0.049197083613  0.997927741835 
12.7582  1.085748e+01  1.737477e+00  3.284446e+02  1.946541e+00  9.135265e-01 -1.157876e+00  0.998941758240 -0.002713264921 -0.045912981156  0.000660580834  0.999001830220 -0.044664380108  0.045988338502  0.044586785160  0.997946437095 
12.8861  1.110877e+01  1.858645e+00  3.267561e+02  1.986011e+00  9.785615e-01 -1.109467e+00  0.995620241287 -0.006872196527 -0.093236838506  0.003086057027  0.999166998936 -0.040691331871  0.093438810950  0.040225379455  0.994812096557 
13.0013  1.133894e+01  1.973176e+00  3.264409e+02  2.035948e+00  1.020807e+00 -1.076086e+00  0.998427613139 -0.000938726754 -0.056048372988 -0.001438298571  0.999101595442 -0.042354849583  0.056037778504  0.042368865669  0.997529271050 
13.1413  1.162498e+01  2.120535e+00  3.237053e+02  2.054630e+00  1.089216e+00 -1.043016e+00  0.999214227460  0.011112107148  0.038045350772 -0.009220308334  0.998729374332 -0.049544149602 -0.038547549272  0.049154429305  0.998047057270 
13.2603  1.186842e+01  2.252607e+00  3.219519e+02  2.036364e+00  1.141949e+00 -1.014468e+00  0.997436216386  0.013586370502  0.070259552935 -0.009807815723  0.998500978416 -0.053847960529 -0.070885830691  0.053020813263  0.996074290587 
13.3808  1.211240e+01  2.393163e+00  3.204930e+02  2.018624e+00  1.197116e+00 -9.876148e-01  0.999726790951  0.004993987615  0.022834262450 -0.003790883550  0.998617327412 -0.052431503842 -0.023064532422  0.052330617051  0.998363427747 
13.5045  1.236134e+01  2.543693e+00  3.192293e+02  2.024140e+00  1.256188e+00 -9.649425e-01  0.998311679297 -0.005983837955 -0.057775294566  0.003271559029  0.998892998983 -0.046926255814  0.057992136367  0.046658013959  0.997226123732 
13.6403  1.263932e+01  2.717874e+00  3.162175e+02  2.070535e+00  1.310141e+00 -9.408906e-01  0.996391939599 -0.007419587648 -0.084546155566  0.003784332327  0.999064601006 -0.043076697244  0.084786682507  0.042601323169  0.995487993767 
13.7631  1.289526e+01  2.881560e+00  3.151218e+02  2.108318e+00  1.370364e+00 -9.222907e-01  0.999664826181  0.001534208095 -0.025843403436 -0.002720882803  0.998940241414 -0.045945520777  0.025745525678  0.046000437914  0.998609597200 
13.8876  1.315890e+01  3.055465e+00  3.144302e+02  2.121902e+00  1.433213e+00 -9.086681e-01  0.998629478186  0.011274937866  0.051108131184 -0.008588226985  0.998584665767 -0.052487214177 -0.051627586175  0.051976351074  0.997312915426 
14.0057  1.341079e+01  3.229607e+00  3.121614e+02  2.098919e+00  1.497656e+00 -8.985974e-01  0.997716996205  0.011531852048  0.066541805439 -0.007802937982  0.998398658132 -0.056028863978 -0.067081365830  0.055381728288  0.996209292534 
14.1276  1.366215e+01  3.413136e+00  3.114779e+02  2.079556e+00  1.561198e+00 -8.840457e-01  0.999953647786  0.001783329075  0.009461607550 -0.001271437502  0.998549050599 -0.053834719227 -0.009543884256  0.053820194026  0.998505033031 
14.2672  1.395435e+01  3.635944e+00  3.089307e+02  2.097577e+00  1.627475e+00 -8.713787e-01  0.997418532660 -0.009098132835 -0.071228468223  0.005758470938  0.998880533023 -0.046952324333  0.071575908789  0.046420951377  0.996354346884 
14.3863  1.420729e+01  3.833959e+00  3.081222e+02  2.136788e+00  1.687908e+00 -8.607212e-01  0.997197495839 -0.007551300716 -0.074432063992  0.004265779487  0.999013518002 -0.044201741766  0.074692418745  0.043760355429  0.996245990644 
14.5106  1.447144e+01  4.044939e+00  3.068539e+02  2.162476e+00  1.750153e+00 -8.586341e-01  0.999959782067  0.002379035064 -0.008647221568 -0.002786728129  0.998869953686 -0.047445229162  0.008524575944  0.047467418468  0.998836410925 
14.632  1.473811e+01  4.263474e+00  3.046285e+02  2.166246e+00  1.809460e+00 -8.509862e-01  0.998185199251  0.010593019787  0.059279810460 -0.007401229381  0.998523999329 -0.053805618365 -0.059762277399  0.053269228413  0.996790278596 
14.7664  1.502749e+01  4.510856e+00  3.027188e+02  2.136892e+00  1.883688e+00 -8.461032e-01  0.998406341818  0.007455105324  0.055939235089 -0.004292725721  0.998396706075 -0.056441029448 -0.056270321872  0.056110949946  0.996837605717 
14.8883  1.528477e+01  4.741545e+00  3.013677e+02  2.127532e+00  1.944199e+00 -8.483428e-01  0.999919687081 -0.003535657703 -0.012170394929  0.002888807661  0.998602902386 -0.052762658546  0.012339942399  0.052723263093  0.998532915507 
15.0087  1.554476e+01  4.981832e+00  2.993223e+02  2.155633e+00  2.008152e+00 -8.511930e-01  0.997318453433 -0.010853786589 -0.072374703859  0.007474011003  0.998876006349 -0.046806656573  0.072801384612  0.046140213011  0.996278595144 
15.1325  1.580855e+01  5.229009e+00  2.984653e+02  2.185734e+00  2.063778e+00 -8.503685e-01  0.997914573701 -0.008072793764 -0.064041655167  0.005327159018  0.999063960970 -0.042928117438  0.064328259517  0.042497433932  0.997023491768 
15.253  1.606692e+01  5.473867e+00  2.966706e+02  2.211199e+00  2.109847e+00 -8.454229e-01  0.999999734399 -0.000485882929  0.000543248488  0.000505293674  0.999340050985 -0.036320891723 -0.000525242270  0.036321156577  0.999340031073 
15.3783  1.634967e+01  5.745263e+00  2.948808e+02  2.209925e+00  2.144388e+00 -8.377049e-01  0.998289859073  0.004706434283  0.058268402652 -0.003366123899  0.999727973449 -0.023079174880 -0.058361172720  0.022843567576  0.998034140167 
15.5138  1.664276e+01  6.031986e+00  2.932719e+02  2.196875e+00  2.167618e+00 -8.302313e-01  0.999238543683  0.004239744682  0.038786046248 -0.003972960452  0.999967936224 -0.006952849003 -0.038814280925  0.006793459284  0.999223348660 
15.6252  1.686553e+01  6.251800e+00  2.920126e+02  2.200986e+00  2.180690e+00 -8.148665e-01  0.999781378201  0.002882585138 -0.020709575227 -0.002858355917  0.999995195539  0.001199458233  0.020712933269 -0.001140000669  0.999784814244 
15.7545  1.718256e+01  6.564872e+00  2.897359e+02  2.234201e+00  2.183813e+00 -8.184163e-01  0.996581527937  0.002515607576 -0.082576812083 -0.002157543264  0.999987881746  0.004425083976  0.082586943171 -0.004231793906  0.996574878641 
15.8961  1.748877e+01  6.860665e+00  2.884232e+02  2.281416e+00  2.171950e+00 -8.115649e-01  0.998498934209  0.002592693467 -0.054709746158 -0.002335510373  0.999985923432  0.004764276396  0.054721328341 -0.004629349724  0.998490934033 
16.0182  1.774345e+01  7.101594e+00  2.870847e+02  2.312723e+00  2.166384e+00 -8.008814e-01  0.999957544488  0.002429652356  0.008888532578 -0.002508964615  0.999957043939  0.008922744762 -0.008866471594 -0.008944666956  0.999920686162 
16.1327  1.804887e+01  7.386582e+00  2.855279e+02  2.308087e+00  2.148169e+00 -7.972749e-01  0.998596810828  0.002008330124  0.052918579103 -0.003042929193  0.999805665668  0.019477460829 -0.052869178035 -0.019611157756  0.998408860390 
16.2565  1.831863e+01  7.637153e+00  2.829234e+02  2.294488e+00  2.122165e+00 -8.029852e-01  0.999721924063  0.004476401633  0.023152459418 -0.005142133226  0.999572684507  0.028775108224 -0.023013757072 -0.028886159590  0.999317745649 
16.385  1.861807e+01  7.912002e+00  2.822429e+02  2.309044e+00  2.089382e+00 -8.104640e-01  0.998635198248  0.009619728978 -0.051334215057 -0.007912870997  0.999412403575  0.033350173195  0.051624870883 -0.032898455798  0.998124523450 
16.505  1.890677e+01  8.169218e+00  2.812033e+02  2.351515e+00  2.052046e+00 -8.089079e-01  0.996176655135  0.011545797480 -0.086595417456 -0.008758415993  0.999433369050  0.032499707359  0.086921584852 -0.031617011081  0.995713313508 
16.6295  1.919194e+01  8.414143e+00  2.793973e+02  2.392144e+00  2.010931e+00 -8.104219e-01  0.998593426099  0.008276544410 -0.052370489442 -0.006636018059  0.999484174176  0.031422107433  0.052603541859 -0.031030378403  0.998133249121 
16.7533  1.948313e+01  8.655072e+00  2.775362e+02  2.427079e+00  1.965912e+00 -8.059624e-01  0.999888591555  0.002416972502  0.014729654505 -0.002920276862  0.999409224989  0.034244313239 -0.014638185030 -0.034283512803  0.999304940591 
16.8933  1.983835e+01  8.939063e+00  2.765568e+02  2.427609e+00  1.914102e+00 -8.084157e-01  0.998996011638  0.000770442989  0.044792579177 -0.002693032254  0.999076704653  0.042877567533 -0.044718187676 -0.042955146815  0.998075718096 
17.0008  2.009313e+01  9.138285e+00  2.740399e+02  2.427115e+00  1.870069e+00 -8.082717e-01  0.999956382478  0.006036462687  0.007127009201 -0.006373719761  0.998813156115  0.048287212258 -0.006827066598 -0.048330531649  0.998808065082 
17.1416  2.044278e+01  9.403116e+00  2.734517e+02  2.454796e+00  1.808637e+00 -8.092021e-01  0.997520132096  0.015307331470 -0.068696955293 -0.011871700419  0.998671442476  0.050143919983  0.069373257041 -0.049204020013  0.996376593273 
17.2503  2.071392e+01  9.598856e+00  2.713895e+02  2.506698e+00  1.764501e+00 -8.074315e-01  0.996162679768  0.016320787991 -0.085985739037 -0.012192162114  0.998757324380  0.048323474427  0.086667563836 -0.047089689711  0.995123758385 
17.3827  2.104661e+01  9.826207e+00  2.696679e+02  2.567854e+00  1.693281e+00 -8.174952e-01  0.999211257449  0.009434483735 -0.038572704132 -0.007617190172  0.998866226734  0.046991908913  0.038972315831 -0.046661028772  0.998150242695 
17.5068  2.136504e+01  1.003188e+01  2.684370e+02  2.596779e+00  1.633040e+00 -8.248357e-01  0.999703147344  0.002506076983  0.024235031845 -0.003696661456  0.998781746774  0.049207286101 -0.024082190192 -0.049282267496  0.998494519878 
17.626  2.167649e+01  1.022417e+01  2.672451e+02  2.604453e+00  1.573227e+00 -8.208828e-01  0.999267290307  0.002118845528  0.038215088856 -0.004188745593  0.998523156584  0.054166042650 -0.038043881677 -0.054286427950  0.997800404293 
17.7632  2.203568e+01  1.043710e+01  2.654563e+02  2.610910e+00  1.498084e+00 -8.146406e-01  0.999779425342  0.011607627172 -0.017503246983 -0.010570305699  0.998246931880  0.058235140855  0.018148534402 -0.058037280988  0.998149440071 
17.8883  2.236938e+01  1.062388e+01  2.643935e+02  2.649479e+00  1.435210e+00 -8.132851e-01  0.996840926203  0.019944086886 -0.076879134003 -0.015466833757  0.998173482715  0.058399276171  0.077903433174 -0.057025711762  0.995328650898 
18.0077  2.268781e+01  1.079165e+01  2.624707e+02  2.707471e+00  1.371712e+00 -8.095001e-01  0.996585991861  0.019143509191 -0.080311187774 -0.014602806273  0.998281620444  0.056750016141  0.081259577127 -0.055383502408  0.995153027823 
18.1338  2.302879e+01  1.095956e+01  2.611832e+02  2.757027e+00  1.306019e+00 -8.072984e-01  0.999607697815  0.010400761117 -0.026005280931 -0.008926388449  0.998380633212  0.056182121860  0.026547505672 -0.055927948251  0.998081807542 
18.2672  2.339681e+01  1.112862e+01  2.590536e+02  2.783877e+00  1.229503e+00 -8.080208e-01  0.999521354522  0.002791009412  0.030810259979 -0.004586317725  0.998285424785  0.058353888923 -0.030594567218 -0.058467263739  0.997820400437 
18.38  2.371190e+01  1.126437e+01  2.576001e+02  2.791138e+00  1.157684e+00 -8.051175e-01  0.999601755092  0.004888395956  0.027792711302 -0.006583425708  0.998102108689  0.061227764426 -0.027440658200 -0.061386352030  0.997736801998 
18.5079  2.407309e+01  1.140935e+01  2.557900e+02  2.814132e+00  1.078608e+00 -8.063096e-01  0.999430332091  0.014756714111 -0.030352111698 -0.012824478628  0.997937521613  0.062898614489  0.031217687995 -0.062473533159  0.997558275797 
18.6272  2.441321e+01  1.153529e+01  2.548035e+02  2.852018e+00  1.005042e+00 -8.107727e-01  0.996537011437  0.022138015734 -0.080149192735 -0.017130229671  0.997889293781  0.062637948479  0.081366701224 -0.061048059900  0.994812843863 
18.7598  2.479399e+01  1.166329e+01  2.536618e+02  2.909079e+00  9.227728e-01 -8.062457e-01  0.997227261423  0.019320360014 -0.071864544546 -0.014932663504  0.998020008017  0.061098929266  0.072902706634 -0.059856388847  0.995541263876 
18.8828  2.515117e+01  1.177242e+01  2.517024e+02  2.948781e+00  8.570987e-01 -8.104386e-01  0.999847363213  0.009537371117 -0.014638607433 -0.008624970771  0.998089864081  0.061173794210  0.015194082881 -0.061038199278  0.998019778398 
19.0107  2.552866e+01  1.187692e+01  2.492059e+02  2.973180e+00  7.706550e-01 -8.206389e-01  0.999495941270  0.003154999396  0.031589703442 -0.005130921242  0.998021409963  0.062665292640 -0.031329491409 -0.062795789933  0.997534536613 
19.1374  2.590752e+01  1.197039e+01  2.477838e+02  2.985259e+00  6.846685e-01 -8.217608e-01  0.999862600446  0.007391812061  0.014837160888 -0.008332642560  0.997890392736  0.064384246152 -0.014329944058 -0.064499032544  0.997814876369 
19.2605  2.627829e+01  1.205132e+01  2.458766e+02  3.007329e+00  6.131191e-01 -8.154204e-01  0.998865405952  0.017725909787 -0.044200598588 -0.014826732844  0.997770047039  0.065077655348  0.045255593980 -0.064348468161  0.996900800410 
19.3759  2.663102e+01  1.211951e+01  2.449953e+02  3.054344e+00  5.421376e-01 -8.149184e-01  0.996302772780  0.023129942926 -0.082739293517 -0.017759667118  0.997723103135  0.065063074732  0.084055809884 -0.063353099451  0.994445074207 
19.507  2.703312e+01  1.218604e+01  2.435487e+02  3.115268e+00  4.663006e-01 -8.086540e-01  0.997822845426  0.017933277383 -0.063466264324 -0.013825209881  0.997816396644  0.064585618827  0.064485910994 -0.063567571527  0.995891927437 
19.6287  2.741036e+01  1.223848e+01  2.418418e+02  3.152768e+00  3.929044e-01 -8.070579e-01  0.999942898257  0.008130205355 -0.006935415385 -0.007665551032  0.997883160127  0.064578928935  0.007445774175 -0.064522077586  0.997888501763 
19.7535  2.780562e+01  1.228298e+01  2.406331e+02  3.174241e+00  3.102128e-01 -8.028273e-01  0.999561866711  0.003235267623  0.029421211054 -0.005136592793  0.997886334569  0.064780233823 -0.029149443064 -0.064902976227  0.997465745600 
19.8781  2.820164e+01  1.231715e+01  2.384038e+02  3.185611e+00  2.266417e-01 -7.965812e-01  0.999946916558  0.008432579225  0.005920783235 -0.008799759963  0.997846189470  0.065004202821 -0.005359877899 -0.065052853645  0.997867425033 
20.0154  2.864402e+01  1.234341e+01  2.360848e+02  3.219866e+00  1.367183e-01 -7.990936e-01  0.998117191759  0.019734668001 -0.058074214534 -0.015937208305  0.997748763889  0.065141457988  0.059229020811 -0.064093268260  0.996184709809 
20.1307  2.901892e+01  1.235593e+01  2.349825e+02  3.270154e+00  6.923957e-02 -7.895222e-01  0.996257564450  0.022613141169 -0.083423684428 -0.017229653794  0.997756226657  0.064696608852  0.084699494138 -0.063017124762  0.994411804877 
20.2514  2.941056e+01  1.236039e+01  2.340803e+02  3.314715e+00 -4.690057e-03 -7.925847e-01  0.998389744568  0.016733956151 -0.054202330701 -0.013476820097  0.998112807996  0.059909914329  0.055102570375 -0.059082969004  0.996731111941 
20.3885  2.985874e+01  1.235592e+01  2.311989e+02  3.349489e+00 -6.926097e-02 -7.825776e-01  0.999918074293  0.008093212329  0.009916885384 -0.008572263160  0.998749379629  0.049256400547 -0.009505840617 -0.049337375333  0.998736933526 
20.514  3.028015e+01  1.234354e+01  2.308963e+02  3.353796e+00 -1.342120e-01 -7.838068e-01  0.999424845394  0.006084070838  0.033361092482 -0.007421114165  0.999168044050  0.040101705865 -0.033089355903 -0.040326217660  0.998638518532 
20.6272  3.064830e+01  1.232697e+01  2.294244e+02  3.356761e+00 -1.783076e-01 -7.889189e-01  0.999946720310  0.009740600699  0.003417197701 -0.009858246306  0.999292674986  0.036290008254 -0.003061294152 -0.036321762310  0.999335458223 
20.7592  3.109976e+01  1.229968e+01  2.281751e+02  3.386254e+00 -2.311014e-01 -7.936113e-01  0.998272074856  0.015319482661 -0.056728987428 -0.013160268232  0.999181849895  0.038241838083  0.057268419777 -0.037429190358  0.997656946954 
20.8812  3.151655e+01  1.226932e+01  2.262580e+02  3.431385e+00 -2.693186e-01 -7.866087e-01  0.997063598768  0.016467324176 -0.074786410842 -0.013489570586  0.999102648574  0.040148836825  0.075380445060 -0.039022107163  0.996391019457 
