0.00195312  0.000000e+00  0.000000e+00  0.000000e+00  0.000000e+00  0.000000e+00  0.000000e+00  0.998750260395  0.000000000000 -0.049979169271  0.000000000000  1.000000000000  0.000000000000  0.049979169271 -0.000000000000  0.998750260395 
0.126953  6.860568e-02 -1.355061e-04  1.262099e+01  1.119182e+00 -9.179489e-04  1.507748e+03  0.998754800450 -0.000022905776 -0.049888355883  0.000018694567  0.999999996223 -0.000084879258  0.049888357639  0.000083840925  0.998754797106 
0.251953  2.776859e-01  1.020146e-04  7.457360e+00  2.242529e+00  3.770001e-03  4.010575e+03  0.998752835362  0.000040635197 -0.049927669732 -0.000045197332  0.999999994906 -0.000090245896  0.049927665810  0.000092389942  0.998752832112 
0.376953  6.259004e-01  6.967014e-04  1.094756e+01  3.335816e+00  5.830594e-03 -1.196270e+03  0.998751725158 -0.000002756850 -0.049949889747  0.000000832128  0.999999999256 -0.000038553858  0.049949889816  0.000038464167  0.998751724418 
0.501953  1.106334e+00  1.403411e-03  1.978407e+01  4.348021e+00  5.235404e-03  1.200560e+02  0.998755962880 -0.000087422668 -0.049865007465  0.000089157608  0.999999995495  0.000032568438  0.049865004393 -0.000036973767  0.998755966175 
0.626953  1.705026e+00  1.952995e-03  2.740122e+01  5.214409e+00  3.768276e-03 -5.307705e+03  0.998768576643 -0.000054198356 -0.049611766474  0.000060394263  0.999999990564  0.000123388804  0.049611759318 -0.000126233126  0.998768570492 
0.751953  2.399908e+00  2.354648e-03  4.173958e+01  5.877026e+00  2.423764e-03  1.575551e+03  0.998790863630 -0.000022602095 -0.049161064050  0.000027212756  0.999999995294  0.000093117533  0.049161061714 -0.000094342749  0.998790859545 
0.876953  3.163293e+00  2.601297e-03  5.161110e+01  6.302463e+00  9.730737e-04  9.209244e+02  0.998847145300 -0.000017590722 -0.048003958349  0.000019808015  0.999999998759  0.000045714087  0.048003957485 -0.000046612248  0.998847144409 
1.00195  3.964484e+00  2.810229e-03  7.984265e+01  6.478942e+00  1.737411e-03  1.488230e+03  0.998942286210 -0.000053306509 -0.045981583044  0.000054855565  0.999999997970  0.000032426797  0.045981581222 -0.000034914844  0.998942287106 
1.12695  4.772808e+00  3.074902e-03  8.006135e+01  6.413621e+00  1.517458e-03 -4.522156e+03  0.999097517771 -0.000006035398 -0.042475286302  0.000007372385  0.999999999482  0.000031320172  0.042475286091 -0.000031605051  0.999097517299 
1.25195  5.558264e+00  3.413528e-03  1.029678e+02  6.107431e+00  3.336160e-03 -1.955823e+03  0.999338401125  0.000024589501 -0.036369759848 -0.000022979451  0.999999998738  0.000044686919  0.036369760901 -0.000043821597  0.999338400429 
1.37695  6.289628e+00  3.892312e-03  1.143056e+02  5.536658e+00  3.310256e-03 -4.313531e+03  0.999666238380  0.000126572786 -0.025834005164 -0.000126794682  0.999999991937 -0.000006951231  0.025834004075  0.000010224526  0.999666246369 
1.50195  6.929080e+00  4.488338e-03  1.282528e+02  4.606080e+00  6.514030e-03  1.337377e+03  0.999970621447  0.000186616089 -0.007662990091 -0.000186310466  0.999999981820  0.000040596753  0.007662997528 -0.000039167865  0.999970638036 
1.62695  7.420939e+00  5.333061e-03  1.532709e+02  3.124902e+00  5.879044e-03  9.666624e+02  0.999727763504  0.000065482573  0.023332265019 -0.000063825554  0.999999995388 -0.000071763051 -0.023332269611  0.000070254319  0.999727763073 
1.75195  7.676781e+00  6.050704e-03  1.669998e+02  7.390952e-01  5.751705e-03  3.218301e+02  0.997089339448  0.000029765582  0.076242037442 -0.000025469364  0.999999998033 -0.000057322062 -0.076242038998  0.000055213381  0.997089338245 
1.87695  7.549043e+00  6.883833e-03  1.756779e+02 -3.167703e+00  7.002862e-03 -7.134914e+02  0.986291060745  0.000029956978  0.165014976886 -0.000028232076  0.999999999520 -0.000012798441 -0.165014977190  0.000007964273  0.986291061117 
2.00195  6.790331e+00  7.830306e-03  1.946019e+02 -9.593464e+00  6.988856e-03 -4.358967e+02  0.950386316803  0.000039987301  0.311072093306 -0.000028899862  0.999999998772 -0.000040251978 -0.311072094534  0.000029264989  0.950386316792 
2.12695  5.013105e+00  8.838384e-03  2.139334e+02 -1.974368e+01  9.497333e-03 -2.829604e+03  0.843370702705  0.000029004678  0.537332166334 -0.000073853337  0.999999995355  0.000061937596 -0.537332162041 -0.000091920128  0.843370700930 
2.25195  1.663788e+00  1.002228e-02  2.273641e+02 -3.499431e+01  1.101009e-02 -1.552695e+03  0.556919093947 -0.000140433281  0.830566736076  0.000029949348  0.999999988451  0.000148999364 -0.830566747408 -0.000058105658  0.556919091721 
2.37695 -3.875907e+00  1.155755e-02  2.266472e+02 -5.407513e+01  1.635128e-02  2.257282e+03 -0.065202150910 -0.000388862819  0.997871999959  0.000048679437  0.999999921641  0.000392872826 -0.997872074540  0.000074192000 -0.065202126871 
2.50195 -1.152140e+01  1.469138e-02  2.296898e+02 -6.530220e+01  3.917837e-02  1.836543e+03 -0.856454359364 -0.000641432180  0.516222354117 -0.000230557437  0.999999603590  0.000860036379 -0.516222701137  0.000617563003 -0.856454167745 
2.62695 -1.892860e+01  2.221532e-02  2.335591e+02 -4.678124e+01  8.008147e-02 -2.678919e+03 -0.767595402079 -0.000524280232 -0.640934492626 -0.000766377063  0.999999701350  0.000099834593  0.640934248870  0.000567830068 -0.767595574632 
2.75195 -2.221723e+01  3.370934e-02  2.421833e+02 -4.924282e+00  9.974765e-02 -7.797631e+02  0.485730056423  0.000103065640 -0.874108861450 -0.000246877215  0.999999969340 -0.000019276828  0.874108832663  0.000225160896  0.485730066975 
2.87695 -2.144547e+01  4.626544e-02  2.293429e+02  8.216958e+00  9.691903e-02 -6.701087e+03  0.931635627035 -0.000063559638  0.363393800716 -0.000005338191  0.999999982202  0.000188591234 -0.363393806236 -0.000177638178  0.931635610115 
3.00195 -2.232654e+01  5.846921e-02  2.418399e+02 -2.653417e+01  1.059148e-01  5.477988e+02 -0.293365811857 -0.000376356621  0.956000187651  0.000630158991  0.999999629134  0.000587053844 -0.956000054045  0.000774653641 -0.293365465893 
3.12695 -2.693472e+01  7.527766e-02  2.301925e+02 -3.657926e+01  1.721001e-01 -1.161550e+03 -0.940159624601 -0.000296515216 -0.340734196036 -0.000833434560  0.999998631095  0.001429403676  0.340733305763  0.001627847278 -0.940158584738 
3.25195 -2.901985e+01  1.003854e-01  2.445944e+02  6.443703e+00  2.166297e-01 -2.197487e+03  0.504234509946  0.000229283293 -0.863566735353 -0.000292694547  0.999999952690  0.000094603680  0.863566716189  0.000205058834  0.504234553201 
3.37695 -2.827819e+01  1.273383e-01  2.288431e+02  5.433037e+00  2.162505e-01 -5.754533e+03  0.717727728857 -0.000035582626  0.696323851354  0.000019235249  0.999999999326  0.000031274176 -0.696323851997 -0.000009052381  0.717727729058 
3.50195 -2.765359e+01  1.541854e-01  2.354644e+02  4.581572e+00  2.150171e-01 -2.719853e+03 -0.842772436256 -0.000153073275  0.538270004046 -0.000058326763  0.999999979663  0.000193057543 -0.538270022651  0.000131308029 -0.842772428045 
3.62695 -2.712314e+01  1.810153e-01  2.303232e+02  3.936054e+00  2.147331e-01 -2.784744e+03 -0.344921596960 -0.000126987003 -0.938631490962 -0.000143033050  0.999999986349 -0.000082728753  0.938631488654  0.000105720391 -0.344921610414 
3.75195 -2.666294e+01  2.078210e-01  2.311685e+02  3.434849e+00  2.136817e-01 -4.935910e+03  0.992568953088 -0.000044601033 -0.121683488514  0.000043450983  0.999999998983 -0.000012104648  0.121683488930  0.000006727430  0.992568954016 
3.87695 -2.626246e+01  2.345375e-01  2.336085e+02  2.969620e+00  2.138251e-01  6.589398e+03 -0.114044358961 -0.000086923482  0.993475654776 -0.000189264150  0.999999979927  0.000065768065 -0.993475640551 -0.000180528849 -0.114044373124 
4.00195 -2.591688e+01  2.613181e-01  2.186805e+02  2.568647e+00  2.137417e-01 -1.899667e+03 -0.943938678357 -0.000351269804 -0.330120656899 -0.000268653867  0.999999920139 -0.000295882726  0.330120734470 -0.000190606959 -0.943938697343 
4.12695 -2.561467e+01  2.880653e-01  2.237247e+02  2.268533e+00  2.128472e-01 -2.055071e+03  0.531179938250  0.000003688854 -0.847259035471 -0.000082114005  0.999999995518 -0.000047126625  0.847259031500  0.000094604551  0.531179936172 
4.25195 -2.534774e+01  3.146673e-01  2.274790e+02  1.993192e+00  2.143420e-01  2.011548e+03  0.700223706704 -0.000059044574  0.713923495260  0.000019707981  0.999999997798  0.000063374548 -0.713923497429 -0.000030306370  0.700223706325 
4.37695 -2.511553e+01  3.415524e-01  2.181198e+02  1.724802e+00  2.149944e-01  7.918013e+02 -0.853983730850 -0.000217790145  0.520299663666  0.000001994564  0.999999911015  0.000421859683 -0.520299709244  0.000361299077 -0.853983654424 
4.50195 -2.491372e+01  3.682656e-01  2.150950e+02  1.516692e+00  2.137802e-01 -2.243728e+03 -0.320373716467 -0.000062281443 -0.947291231839 -0.000296842640  0.999999955342  0.000034645248  0.947291187377  0.000292295857 -0.320373720647 
4.62695 -2.473474e+01  3.949236e-01  2.144587e+02  1.348161e+00  2.133721e-01 -2.117529e+03  0.995436461042  0.000109709180 -0.095426620985 -0.000110959107  0.999999993814 -0.000007791976  0.095426619540  0.000018344869  0.995436467057 
4.75195 -2.457748e+01  4.217145e-01  2.110625e+02  1.162592e+00  2.152018e-01  3.731624e+03 -0.137148136072  0.000105508215  0.990550542698 -0.000113108128  0.999999986140 -0.000122175273 -0.990550541860 -0.000128795429 -0.137148122237 
4.87695 -2.444273e+01  4.486147e-01  2.109367e+02  9.999152e-01  2.140184e-01 -1.884415e+03 -0.935751738435  0.000183843757 -0.352659396892  0.000321324396  0.999999893495 -0.000331300191  0.352659298425 -0.000423332797 -0.935751697847 
5.00195 -2.432487e+01  4.755043e-01  2.096681e+02  8.871031e-01  2.171302e-01 -4.487371e+03  0.552694404437 -0.000077046670 -0.833383998747  0.000065434827  0.999999996656 -0.000049054466  0.833383999740 -0.000027420208  0.552694407630 
5.12695 -2.422053e+01  5.026046e-01  2.048552e+02  7.746866e-01  2.164788e-01 -3.465798e+03  0.682660683064  0.000084328726  0.730735509392 -0.000063210267  0.999999996415 -0.000056350842 -0.730735511524 -0.000007721482  0.682660685947 
5.25195 -2.413112e+01  5.295447e-01  1.962142e+02  6.568519e-01  2.152542e-01 -2.021266e+03 -0.865850821591  0.000208359234  0.500302219999 -0.000109128075  0.999999810833 -0.000605329771 -0.500302251485 -0.000578722297 -0.865850635063 
5.37695 -2.405441e+01  5.565458e-01  1.976424e+02  5.807640e-01  2.155503e-01 -3.136613e+03 -0.297333027945  0.000046688910 -0.954773830974  0.000373073472  0.999999928145 -0.000067281021  0.954773759227 -0.000376205658 -0.297333023998 
5.50195 -2.398509e+01  5.834071e-01  2.026440e+02  5.297239e-01  2.160454e-01 -6.788212e+02  0.997468462169 -0.000035361626 -0.071110236454  0.000028802608  0.999999995236 -0.000093262692  0.071110239413  0.000090978434  0.997468458435 
5.62695 -2.392353e+01  6.102264e-01  2.076685e+02  4.555318e-01  2.144457e-01  6.634215e+01 -0.160190906036  0.000215482790  0.987086028262 -0.000126126669  0.999999963540 -0.000238770604 -0.987086043724 -0.000162746752 -0.160190873018 
5.75195 -2.387045e+01  6.369353e-01  2.068847e+02  4.008420e-01  2.135407e-01  4.917915e+03 -0.927308812764  0.000269178744 -0.374297065595  0.000461893741  0.999999802943 -0.000425168831  0.374296877390 -0.000567148275 -0.927308754363 
5.87695 -2.382173e+01  6.638644e-01  1.841859e+02  3.804269e-01  2.174548e-01 -9.599355e+01  0.572307081249 -0.000179630092 -0.820039372521  0.000185163037  0.999999978823 -0.000089824920  0.820039371291 -0.000100433543  0.572307102390 
6.00195 -2.377512e+01  6.910810e-01  1.952068e+02  3.560222e-01  2.195794e-01  1.946166e+02  0.665392591600  0.000181206299  0.746493580822 -0.000124395188  0.999999983569 -0.000131862700 -0.746493592451 -0.000005119745  0.665392603208 
6.12695 -2.373316e+01  7.183360e-01  1.856834e+02  3.176718e-01  2.165237e-01  1.058792e+03 -0.877001977161 -0.000103113401  0.480486754681 -0.000601439985  0.999999429142 -0.000883168390 -0.480486389325 -0.001063524371 -0.877001538533 
6.25195 -2.369406e+01  7.454866e-01  1.969585e+02  3.150111e-01  2.153172e-01  4.750199e+03 -0.275376409638 -0.000160183498 -0.961336469378  0.000449001826  0.999999855614 -0.000295243128  0.961336377868 -0.000512944823 -0.275376297955 
6.37695 -2.365381e+01  7.725008e-01  1.940222e+02  3.295007e-01  2.166700e-01 -3.767866e+02  0.998846189110 -0.000000628719 -0.048023853448 -0.000008617338  0.999999981469 -0.000192323455  0.048023852679  0.000192515388  0.998846170595 
6.50195 -2.361347e+01  7.996119e-01  1.838795e+02  3.146617e-01  2.184472e-01  5.693014e+03 -0.182322855704  0.000081602088  0.983238714468 -0.000753940308  0.999999690968 -0.000222796976 -0.983238428796 -0.000781924280 -0.182322737838 
6.62695 -2.357455e+01  8.271990e-01  1.996740e+02  3.152489e-01  2.228667e-01  2.100289e+03 -0.918816537034 -0.000482265768 -0.394684606608  0.000188178363  0.999998604535 -0.001659974763  0.394684856389 -0.001599483367 -0.918815164106 
6.75195 -2.353300e+01  8.550789e-01  1.865931e+02  3.498876e-01  2.238841e-01  4.908205e+03  0.590407879683 -0.000354376005 -0.807104956016  0.000151390054  0.999999934641 -0.000328326693  0.807105019616  0.000071659004  0.590407894744 
6.87695 -2.348767e+01  8.831569e-01  1.715759e+02  3.680349e-01  2.243560e-01 -5.524351e+03  0.648755362908  0.000260955469  0.760996984883 -0.000275818281  0.999999956154 -0.000107775550 -0.760996979641 -0.000139976914  0.648755406439 
7.00195 -2.344155e+01  9.113464e-01  1.735143e+02  3.711027e-01  2.268478e-01  4.809718e+03 -0.887193094895 -0.000737980034  0.461397732716 -0.001202762909  0.999999022299 -0.000713275363 -0.461396755224 -0.001187765056 -0.887193115101 
7.12695 -2.339364e+01  9.399570e-01  1.799288e+02  4.047835e-01  2.301778e-01 -2.427373e+03 -0.254523835593 -0.000587758239 -0.967066322263  0.000254495543  0.999999739969 -0.000674755446  0.967066467388 -0.000417855413 -0.254523619827 
7.25195 -2.334023e+01  9.686248e-01  1.806850e+02  4.501499e-01  2.284310e-01  4.490736e+03  0.999650836641  0.000100107375 -0.026423375681 -0.000104583113  0.999999980419 -0.000168003665  0.026423358345  0.000170708443  0.999650827536 
7.37695 -2.328291e+01  9.973028e-01  1.777922e+02  4.668660e-01  2.308789e-01  2.046249e+02 -0.203364967980  0.000116332462  0.979102995739 -0.000554544755  0.999999818863 -0.000233997259 -0.979102845609 -0.000590543276 -0.203364866631 
7.50195 -2.322330e+01  1.026266e+00  1.702941e+02  4.955474e-01  2.328516e-01 -4.438917e+03 -0.910243271541 -0.000305669245 -0.414073777461  0.000197953517  0.999999292028 -0.001173353426  0.414073842967 -0.001150004422 -0.910242566606 
7.62695 -2.315787e+01  1.055564e+00  1.700485e+02  5.522573e-01  2.346429e-01 -6.676740e+02  0.607589111092 -0.000247865475 -0.794251478214  0.000132020559  0.999999969008 -0.000211080769  0.794251505918  0.000023392853  0.607589124985 
7.75195 -2.308600e+01  1.085014e+00  1.667494e+02  5.897287e-01  2.367101e-01 -2.613997e+03  0.632380688478  0.000275925117  0.774657723582 -0.000232555820  0.999999959123 -0.000166346106 -0.774657737815 -0.000074957097  0.632380726797 
7.87695 -2.301081e+01  1.114689e+00  1.698562e+02  6.151693e-01  2.388850e-01  1.524487e+03 -0.896667125563 -0.000441031292  0.442705174383 -0.000912612911  0.999999220435 -0.000852212870 -0.442704453413 -0.001168169722 -0.896666829044 
8.00195 -2.293095e+01  1.144610e+00  1.762587e+02  6.704052e-01  2.389873e-01  2.890975e+03 -0.234329908545 -0.000449518419 -0.972157030471  0.000426271440  0.999999749454 -0.000565141676  0.972157040943 -0.000546832375 -0.234329658217 
8.12695 -2.284310e+01  1.174290e+00  1.764559e+02  7.351688e-01  2.362483e-01  5.158622e+03  0.999984799849  0.000021543569 -0.005513583809 -0.000022696749  0.999999977883 -0.000209089979  0.005513579182  0.000209211941  0.999984778222 
8.25195 -2.274950e+01  1.203827e+00  1.663723e+02  7.628914e-01  2.368055e-01  7.200217e+02 -0.223448189527  0.000259713137  0.974715773519 -0.000681777674  0.999999678233 -0.000422743790 -0.974715569680 -0.000759000787 -0.223447940562 
8.37695 -2.265191e+01  1.233439e+00  1.696883e+02  8.058468e-01  2.383204e-01  2.775514e+03 -0.901632621112 -0.000085945983 -0.432502727343  0.000690222589  0.999998420903 -0.001637615220  0.432502185126 -0.001775050455 -0.901631138026 
8.50195 -2.254675e+01  1.263336e+00  1.725342e+02  8.772446e-01  2.395270e-01  6.156524e+02  0.623645656340 -0.000347382254 -0.781707090063  0.000266174205  0.999999937655 -0.000232035565  0.781707121933 -0.000063362291  0.623645709923 
8.62695 -2.243339e+01  1.293422e+00  1.659347e+02  9.305602e-01  2.416301e-01  8.138535e+02  0.616676321440  0.000303181025  0.787216757098 -0.000138001279  0.999999952106 -0.000277025212 -0.787216803384  0.000062197969  0.616676333745 
8.75195 -2.231490e+01  1.323657e+00  1.628383e+02  9.664951e-01  2.414933e-01  2.832928e+03 -0.905235199916  0.000645381073  0.424910362684 -0.000020982027  0.999998777415 -0.001563562603 -0.424910852288 -0.001424307386 -0.905234079648 
8.87695 -2.219047e+01  1.353909e+00  1.610968e+02  1.031081e+00  2.424566e-01 -3.109065e+03 -0.215188698596  0.000034745403 -0.976572487217  0.000752172837  0.999999708647 -0.000130163099  0.976572198167 -0.000762560926 -0.215188662034 
9.00195 -2.205691e+01  1.384251e+00  1.607159e+02  1.105725e+00  2.414281e-01 -1.311810e+02  0.999902594811 -0.000037824556  0.013957057713  0.000041052408  0.999999972481 -0.000230983805 -0.013957048592  0.000231534277  0.999902568847 
9.12695 -2.191625e+01  1.414556e+00  1.573076e+02  1.144037e+00  2.436482e-01 -3.378603e+03 -0.241875897866  0.000480256177  0.970307074789 -0.000601609333  0.999999611072 -0.000644920359 -0.970307007136 -0.000739736483 -0.241875514867 
9.25195 -2.177048e+01  1.445039e+00  1.488123e+02  1.195091e+00  2.444809e-01  1.557495e+03 -0.893336213657  0.000204616294 -0.449388882262  0.000943970412  0.999998544568 -0.001421189937  0.449387937409 -0.001693810245 -0.893335106619 
9.37695 -2.161622e+01  1.475611e+00  1.382153e+02  1.274487e+00  2.439931e-01 -3.277079e+03  0.638163202475 -0.000329049129 -0.769901044767  0.000259994565  0.999999943754 -0.000211884563  0.769901071184 -0.000064953156  0.638163252131 
9.50195 -2.145280e+01  1.506323e+00  1.469814e+02  1.332131e+00  2.459514e-01 -1.082795e+03  0.601889677855  0.000429695406  0.798579132618 -0.000235198535  0.999999907250 -0.000360805565 -0.798579213587  0.000029340503  0.601889723094 
9.62695 -2.128367e+01  1.537143e+00  1.463664e+02  1.376433e+00  2.470578e-01  1.293144e+03 -0.912882713108  0.000566492093  0.408221546706 -0.000054052294  0.999998860632 -0.001508579979 -0.408221936190 -0.001399221895 -0.912881642378 
9.75195 -2.110753e+01  1.568317e+00  1.518995e+02  1.450645e+00  2.495023e-01  2.580158e+03 -0.197291269719  0.000013771733 -0.980344916192  0.000733277081  0.999999722238 -0.000133521820  0.980344642051 -0.000745207148 -0.197291225018 
9.87695 -2.092120e+01  1.599364e+00  1.482716e+02  1.530596e+00  2.474054e-01 -6.626070e+02  0.999480895033 -0.000086726613  0.032216966675  0.000094596122  0.999999966064 -0.000242741881 -0.032216944530  0.000245663472  0.999480869319 
10.002 -2.072714e+01  1.630263e+00  1.489016e+02  1.574745e+00  2.472049e-01 -1.655675e+03 -0.259479059625  0.000632634648  0.965748526993 -0.000728371722  0.999999372831 -0.000850771643 -0.965748459533 -0.000924181344 -0.259478436094 
10.127 -2.052739e+01  1.661215e+00  1.446403e+02  1.629065e+00  2.467906e-01 -1.846850e+03 -0.885131229188  0.000575638253 -0.465341139119  0.001435531229  0.999997854321 -0.001493520442  0.465339280919 -0.001989973322 -0.885130156327 
10.252 -2.031907e+01  1.692032e+00  1.504657e+02  1.705468e+00  2.464719e-01  5.927748e+03  0.651836204454 -0.000426355930 -0.758359664528  0.000380576943  0.999999899947 -0.000235089055  0.758359688884 -0.000135374646  0.651836301498 
10.377 -2.010209e+01  1.722855e+00  1.357531e+02  1.756661e+00  2.476027e-01 -3.234325e+03  0.587636083143  0.000500692679  0.809125196182 -0.000283725329  0.999999874569 -0.000412748704 -0.809125301353  0.000012976719  0.587636151494 
10.502 -1.988054e+01  1.753904e+00  1.346889e+02  1.789022e+00  2.505743e-01  2.118177e+03 -0.919901315594  0.000462207776  0.392149660121 -0.000525456272  0.999996954859 -0.002411258712 -0.392149580472 -0.002424177560 -0.919898271495 
10.627 -1.965353e+01  1.785481e+00  1.336111e+02  1.848750e+00  2.537274e-01 -2.970197e+03 -0.180175175867 -0.000231394345 -0.983634511624  0.001084465801  0.999999317837 -0.000433888805  0.983633941024 -0.001144893980 -0.180174802019 
10.752 -1.941868e+01  1.817259e+00  1.314419e+02  1.908525e+00  2.551413e-01 -1.973456e+03  0.998771376513 -0.000009519300  0.049555396953  0.000028847055  0.999999923804 -0.000389308022 -0.049555389471  0.000390259236  0.998771300685 
10.877 -1.917863e+01  1.849050e+00  1.368783e+02  1.932091e+00  2.544957e-01 -1.614831e+02 -0.276130139137  0.000299206718  0.961120209306 -0.000978283540  0.999999346029 -0.000592371367 -0.961119758002 -0.001103819669 -0.276129665846 
11.002 -1.893556e+01  1.880868e+00  1.254205e+02  1.963661e+00  2.547388e-01 -1.124156e+03 -0.877028344444 -0.000245783193 -0.480438573215  0.000843735312  0.999997539117 -0.002051796893  0.480437895209 -0.002204847022 -0.877025978804 
11.127 -1.868643e+01  1.912681e+00  1.282859e+02  2.023036e+00  2.541193e-01 -1.108568e+03  0.664590831706 -0.000446206685 -0.747207352287  0.000255212964  0.999999898920 -0.000370170934  0.747207441932  0.000055315206  0.664590878407 
11.252 -1.843092e+01  1.944513e+00  1.271354e+02  2.056469e+00  2.545495e-01 -8.968554e+02  0.573915971610  0.000403647476  0.818914094762 -0.000406374170  0.999999895775 -0.000208108285 -0.818914093413 -0.000213348867  0.573916075826 
11.377 -1.817288e+01  1.976359e+00  1.182709e+02  2.073319e+00  2.547293e-01  1.525265e+03 -0.926289911902 -0.000738398168  0.376810899361 -0.001379521145  0.999998023730 -0.001431592907 -0.376809097595 -0.001845888671 -0.926289099938 
11.502 -1.791125e+01  2.008275e+00  1.222913e+02  2.118432e+00  2.554495e-01 -5.190693e+03 -0.163946251538 -0.000658816080 -0.986469053021  0.000511612610  0.999999585712 -0.000752879956  0.986469140348 -0.000628121854 -0.163945846559 
11.627 -1.764336e+01  2.040140e+00  1.160895e+02  2.167085e+00  2.550246e-01 -4.310267e+02  0.997830075197  0.000223221437  0.065841409495 -0.000209175639  0.999999953874 -0.000220221338 -0.065841455616  0.000205971055  0.997830075864 
11.752 -1.737170e+01  2.072015e+00  1.347333e+02  2.178940e+00  2.540898e-01  7.378619e+02 -0.291501526710 -0.000444667256  0.956570259937 -0.000970798394  0.999999514492  0.000169018245 -0.956569870671 -0.000879367796 -0.291501816866 
11.877 -1.709848e+01  2.103717e+00  1.183964e+02  2.200913e+00  2.535566e-01  3.260005e+03 -0.869313451468 -0.001262354877 -0.494259577101 -0.000490888864  0.999998450376 -0.001690643271  0.494260945376 -0.001227072415 -0.869312724035 
12.002 -1.682037e+01  2.135483e+00  1.136763e+02  2.248723e+00  2.536836e-01 -2.835522e+03  0.676309812403 -0.000271801389 -0.736617243738 -0.000006173942  0.999999929798 -0.000374654368  0.736617293857  0.000257930258  0.676309763246 
12.127 -1.653706e+01  2.167161e+00  1.109518e+02  2.276703e+00  2.530266e-01  4.982891e+03  0.561034114083  0.000259563009  0.827792640377 -0.000455734640  0.999999896142 -0.000004687530 -0.827792555621 -0.000374623917  0.561034174107 
12.252 -1.625188e+01  2.198725e+00  1.085457e+02  2.286231e+00  2.527405e-01 -4.426506e+02 -0.931979980161 -0.001207782432  0.362507734869 -0.001494020485  0.999998754270 -0.000509275352 -0.362506668188 -0.001016228415 -0.931980623618 
12.377 -1.596418e+01  2.230397e+00  1.137813e+02  2.323899e+00  2.540027e-01 -2.943941e+03 -0.148826775847 -0.000772344772 -0.988862980536  0.000097283604  0.999999678711 -0.000795684483  0.988863277368 -0.000214619311 -0.148826652895 
12.502 -1.567104e+01  2.262161e+00  1.041504e+02  2.365435e+00  2.531943e-01  2.390791e+02  0.996703681840  0.000209855217  0.081127840892 -0.000205953043  0.999999977197 -0.000056467122 -0.081127850892  0.000039572463  0.996703702333 
12.627 -1.537483e+01  2.293696e+00  1.161046e+02  2.372335e+00  2.533311e-01  1.237197e+02 -0.305966267995 -0.000743460374  0.952042063207 -0.000853108813  0.999999507710  0.000506739678 -0.952041971267 -0.000657150226 -0.305966751623 
12.752 -1.507771e+01  2.325413e+00  9.260263e+01  2.389849e+00  2.542690e-01 -4.343612e+03 -0.861790124526 -0.001617375354 -0.507262422584 -0.001051335432  0.999998464100 -0.001402316327  0.507263911552 -0.000675199404 -0.861790501307 
12.877 -1.477641e+01  2.357409e+00  1.037664e+02  2.432374e+00  2.572366e-01 -1.862354e+02  0.687227388050 -0.000143650505 -0.726442355923 -0.000138727572  0.999999936262 -0.000328983960  0.726442356879  0.000326864371  0.687227324319 
13.002 -1.447053e+01  2.389465e+00  1.054182e+02  2.453870e+00  2.569801e-01 -1.268491e+03  0.548771526273  0.000061897625  0.835972372822 -0.000363818312  0.999999920241  0.000164784763 -0.835972295946 -0.000394571243  0.548771505023 
13.127 -1.416345e+01  2.421295e+00  1.015742e+02  2.460018e+00  2.542020e-01 -1.931269e+03 -0.937219375408 -0.001610451696  0.348736646778 -0.001708177206  0.999998540692  0.000027277235 -0.348736181792 -0.000570139238 -0.937220758653 
13.252 -1.385426e+01  2.453154e+00  9.553965e+01  2.493776e+00  2.564063e-01 -5.584396e+03 -0.134400159206 -0.000823023703 -0.990926798425 -0.000204331112  0.999999656844 -0.000802845667  0.990927119144  0.000094574589 -0.134400281255 
13.377 -1.354014e+01  2.485216e+00  9.712728e+01  2.530281e+00  2.568734e-01  7.465138e+02  0.995430863257  0.000281022902  0.095484645367 -0.000275855134  0.999999959686 -0.000067321575 -0.095484660436  0.000040674044  0.995430900649 
13.502 -1.322372e+01  2.517393e+00  9.084289e+01  2.531623e+00  2.570558e-01  4.219620e+02 -0.319398266724 -0.000951792979  0.947620093341 -0.000824894822  0.999999395968  0.000726369600 -0.947620212302 -0.000549685717 -0.319398858926 
13.627 -1.290698e+01  2.549508e+00  1.017523e+02  2.543421e+00  2.574513e-01  4.110126e+02 -0.854619793396 -0.001864794451 -0.519250932862 -0.001378612004  0.999998175483 -0.001322293133  0.519252451285 -0.000414212315 -0.854620804956 
13.752 -1.258672e+01  2.581809e+00  9.082676e+01  2.581006e+00  2.592141e-01 -2.133905e+03  0.697263084905 -0.000164395811 -0.716815292389 -0.000167648213  0.999999908951 -0.000392417279  0.716815291635  0.000393790885  0.697262993860 
13.877 -1.226238e+01  2.614290e+00  8.069972e+01  2.599207e+00  2.607408e-01  1.063494e+03  0.537255683161  0.000178434414  0.843419408760 -0.000396954774  0.999999920361  0.000041298325 -0.843419334221 -0.000356987121  0.537255711205 
14.002 -1.193758e+01  2.646908e+00  8.879947e+01  2.597612e+00  2.611997e-01  6.886065e+03 -0.941810496072 -0.001222528040  0.336142075488 -0.001547292148  0.999998559127 -0.000698305046 -0.336140737452 -0.001177781016 -0.941811030652 
14.127 -1.161144e+01  2.679702e+00  8.381227e+01  2.627271e+00  2.640038e-01  1.428440e+03 -0.121184106721 -0.000647870505 -0.992629836617  0.000173676862  0.999999757858 -0.000673883858  0.992630032849 -0.000254060849 -0.121183964857 
14.252 -1.128061e+01  2.712554e+00  9.318950e+01  2.662943e+00  2.608170e-01 -2.313797e+03  0.994085379604  0.000187360763  0.108601210641 -0.000170362028  0.999999971743 -0.000165802537 -0.108601238638  0.000146320355  0.994085383434 
14.377 -1.094780e+01  2.745285e+00  8.554516e+01  2.662212e+00  2.624615e-01 -2.135945e+01 -0.331759351155 -0.000355461863  0.943363984138 -0.000982208559  0.999999517141  0.000031382179 -0.943363539781 -0.000916168848 -0.331759540100 
14.502 -1.061480e+01  2.778227e+00  7.916622e+01  2.674023e+00  2.649684e-01 -1.995673e+03 -0.847899031801 -0.001023719113 -0.530156754056 -0.000203062168  0.999998689431 -0.001606207123  0.530157703554 -0.001254246685 -0.847898128449 
14.627 -1.027813e+01  2.811498e+00  9.419123e+01  2.713853e+00  2.673409e-01  2.517802e+03  0.706308230628 -0.000290124392 -0.707904371490  0.000035577500  0.999999929303 -0.000374338261  0.707904430048  0.000239212727  0.706308191016 
14.752 -9.937423e+00  2.844945e+00  7.696696e+01  2.729559e+00  2.675169e-01 -1.301079e+03  0.526632923590  0.000314737294  0.850092738900 -0.000357872863  0.999999924932 -0.000148536309 -0.850092721835 -0.000226001012  0.526632996693 
14.877 -9.596197e+00  2.878576e+00  8.611121e+01  2.730279e+00  2.697075e-01  8.482006e+02 -0.945876922186 -0.000328469346  0.324525407610 -0.000898234566  0.999998307152 -0.001605885223 -0.324524330754 -0.001810469710 -0.945875616003 
15.002 -9.253252e+00  2.912495e+00  7.899849e+01  2.764211e+00  2.716729e-01 -1.710375e+03 -0.109333153132 -0.000501027685 -0.994005035499  0.000597006293  0.999999659504 -0.000569715519  0.994004982487 -0.000655716056 -0.109332816788 
15.127 -8.905616e+00  2.946600e+00  5.670688e+01  2.796897e+00  2.734071e-01 -3.865692e+03  0.992736321364  0.000129689813  0.120310346292 -0.000086981032  0.999999931331 -0.000360239795 -0.120310384750  0.000347158410  0.992736264474 
15.252 -8.555935e+00  2.980758e+00  7.195008e+01  2.798844e+00  2.738009e-01  1.054991e+03 -0.342611926983  0.000381078275  0.939476940786 -0.001360491586  0.999998667930 -0.000901776696 -0.939476032984 -0.001587109925 -0.342610952146 
15.377 -8.205853e+00  3.015239e+00  7.408196e+01  2.812186e+00  2.779926e-01 -6.146605e+02 -0.841866679697 -0.000327545855 -0.539685451286  0.001179061458  0.999996313050 -0.002446160441  0.539684262722 -0.002695663283 -0.841863189580 
15.502 -7.851814e+00  3.050197e+00  6.196971e+01  2.852924e+00  2.813911e-01 -4.558581e+02  0.714272389372 -0.000579966729 -0.699867571344  0.000322170220  0.999999823163 -0.000499879331  0.699867737496  0.000131573515  0.714272449910 
15.627 -7.493232e+00  3.085235e+00  6.224213e+01  2.875186e+00  2.798756e-01 -4.153599e+03  0.517245461380  0.000615252354  0.855836873561 -0.000566931507  0.999999768512 -0.000376250981 -0.855836906934 -0.000290586777  0.517245690450 
15.752 -7.133190e+00  3.120351e+00  7.798385e+01  2.885035e+00  2.821951e-01  5.471742e+03 -0.949274521362 -0.000357119697  0.314448335278 -0.001279983882  0.999995458752 -0.002728391013 -0.314445932927 -0.002992480874 -0.949270667578 
15.877 -6.770117e+00  3.155806e+00  7.475422e+01  2.928814e+00  2.859085e-01  2.387319e+03 -0.098682010097 -0.000689075593 -0.995118779874  0.001023228002  0.999999161344 -0.000793924531  0.995118492385 -0.001096579470 -0.098681222256 
16.002 -6.401073e+00  3.191530e+00  6.884850e+01  2.973159e+00  2.855669e-01  2.670865e+03  0.991386326893  0.000168198770  0.130969929981 -0.000109224206  0.999999889394 -0.000457474218 -0.130969992442  0.000439228598  0.991386235611 
16.127 -6.028650e+00  3.227170e+00  6.597515e+01  2.986777e+00  2.840677e-01 -3.463199e+02 -0.352364589355  0.000401201030  0.935862722415 -0.001560116916  0.999998266786 -0.001016100191 -0.935861508026 -0.001818092991 -0.352363352711 
16.252 -5.654143e+00  3.262895e+00  6.372312e+01  3.014628e+00  2.880571e-01 -1.847168e+03 -0.836259333605 -0.000308853273 -0.548334051074  0.001397596690  0.999995392601 -0.002694717068  0.548332356953 -0.003019832154 -0.836255048973 
16.377 -5.274222e+00  3.298808e+00  6.963026e+01  3.063624e+00  2.866226e-01  2.910088e+03  0.721364545360 -0.000686069561 -0.692555212244  0.000402640654  0.999999755780 -0.000571244999  0.692555435021  0.000133225006  0.721364645428 
16.502 -4.888988e+00  3.334747e+00  5.539490e+01  3.091852e+00  2.885482e-01  2.886033e+02  0.508470221559  0.000853855630  0.861079151251 -0.000708948063  0.999999584546 -0.000572974384 -0.861079282749 -0.000319119985  0.508470615653 
16.627 -4.501498e+00  3.371024e+00  5.472915e+01  3.107334e+00  2.915660e-01 -4.415506e+01 -0.952385364676  0.000024205177  0.304896894975 -0.001144437874  0.999992668555 -0.003654189008 -0.304894748090 -0.003829131686 -0.952378354614 
16.752 -4.110377e+00  3.407710e+00  6.859313e+01  3.156133e+00  2.938905e-01  1.344839e+03 -0.088865282925 -0.000744060309 -0.996043376498  0.001419775933  0.999998610455 -0.000873684907  0.996042642524 -0.001491798670 -0.088864103044 
16.877 -3.712817e+00  3.444317e+00  4.434471e+01  3.202135e+00  2.933372e-01  3.836218e+01  0.990071445048  0.000090236174  0.140565022524 -0.000013565896  0.999999850631 -0.000546401609 -0.140565050833  0.000539069740  0.990071298386 
17.002 -3.311480e+00  3.480982e+00  4.940757e+01  3.219018e+00  2.935369e-01 -1.380453e+03 -0.361199406751  0.000764349384  0.932488286432 -0.001696164744  0.999997471195 -0.001476695387 -0.932487057062 -0.002115035253 -0.361197196885 
17.127 -2.907537e+00  3.517901e+00  4.789337e+01  3.251358e+00  2.974482e-01 -1.911499e+03 -0.831154260430  0.000101581276 -0.556041891453  0.002084545250  0.999993525399 -0.002933228723  0.556037993343 -0.003597060033 -0.831149090789 
17.252 -2.497587e+00  3.555193e+00  4.731158e+01  3.307515e+00  2.990925e-01 -2.460646e+02  0.727611839493 -0.000728315877 -0.685988688380  0.000505584997  0.999999734148 -0.000525440229  0.685988888695  0.000035490942  0.727612014282 
17.377 -2.081654e+00  3.592630e+00  3.324365e+01  3.339233e+00  2.989164e-01 -3.354780e+03  0.500876834795  0.000806228592  0.865518195280 -0.000573414212  0.999999655801 -0.000599662054 -0.865518380834 -0.000195943603  0.500877124697 
17.502 -1.663004e+00  3.630155e+00  3.747213e+01  3.358892e+00  3.015816e-01 -9.006591e+02 -0.954969104424  0.000402462661  0.296704984149 -0.000678128312  0.999993507638 -0.003539042789 -0.296704482166 -0.003580880573 -0.954962631498 
17.627 -1.239992e+00  3.668085e+00  3.864243e+01  3.412656e+00  3.052331e-01  7.047841e+02 -0.080289296899 -0.000504245644 -0.996771475585  0.001343088651  0.999998909519 -0.000614063256  0.996770698263 -0.001388055163 -0.080288532099 
17.752 -8.098919e-01  3.706109e+00  4.916374e+01  3.465523e+00  3.034983e-01  6.905710e+02  0.988846768368  0.000090745301  0.148936430912 -0.000013229930  0.999999863957 -0.000521450093 -0.148936457969  0.000513663821  0.988846635044 
17.877 -3.753904e-01  3.743999e+00  3.554363e+01  3.486813e+00  3.026802e-01 -7.448089e+02 -0.368848635486  0.000686480505  0.929489221479 -0.001365344374  0.999998248250 -0.001280364187 -0.929488472190 -0.001741333462 -0.368847052073 
18.002  6.221596e-02  3.781939e+00  4.300822e+01  3.523746e+00  3.051999e-01  8.570814e+03 -0.826603399908  0.000246777085 -0.562784824210  0.001908127599  0.999995384991 -0.002364116368  0.562781643543 -0.003028051883 -0.826600056008 
18.127  5.063091e-01  3.820094e+00  4.747575e+01  3.581777e+00  3.048401e-01  2.927307e+03  0.733097648489 -0.000693344524 -0.680123045524  0.000467643774  0.999999757851 -0.000515371163  0.680123238163  0.000059762080  0.733097795209 
18.252  9.568246e-01  3.858233e+00  3.866793e+01  3.618010e+00  3.064130e-01 -4.218871e+03  0.494024952607  0.000949854553  0.869447205975 -0.000596761630  0.999999538134 -0.000753397071 -0.869447520025 -0.000146655780  0.494025291270 
18.377  1.410234e+00  3.896716e+00  2.640011e+01  3.637918e+00  3.098341e-01 -8.478431e+01 -0.957237654797  0.000841247148  0.289301511477 -0.000273963091  0.999992687924 -0.003814320836 -0.289302604869 -0.003730469468 -0.957230424931 
18.502  1.868048e+00  3.935770e+00  2.126883e+01  3.691687e+00  3.133629e-01 -2.001809e+03 -0.072828320732 -0.000430034795 -0.997344399277  0.001441581716  0.999998817033 -0.000536446850  0.997343450142 -0.001476821974 -0.072827614648 
18.627  2.333105e+00  3.975046e+00  3.745085e+01  3.746188e+00  3.153857e-01 -2.872658e+03  0.987722498657  0.000016339704  0.156218646071  0.000072616721  0.999999838469 -0.000563728294 -0.156218630048  0.000568151204  0.987722337922 
18.752  2.802803e+00  4.014540e+00  3.445528e+01  3.769238e+00  3.163290e-01  1.518060e+02 -0.375611501500  0.001257097826  0.926776359024 -0.000978137198  0.999997985390 -0.001752844534 -0.926776695428 -0.001564902999 -0.375609515175 
18.877  3.275762e+00  4.054142e+00  2.042255e+01  3.805923e+00  3.183177e-01  3.358538e+02 -0.822615259834  0.001188537317 -0.568597152356  0.002625310361  0.999995095454 -0.001707867992  0.568592333780 -0.002897662267 -0.822614345559 
19.002  3.755318e+00  4.093866e+00  4.122802e+01  3.867443e+00  3.171339e-01  2.503415e+03  0.737788410485 -0.000638273986 -0.675031742928  0.000595875804  0.999999779168 -0.000294272950  0.675031781686 -0.000185123910  0.737788627890 
19.127  4.241600e+00  4.133789e+00  1.431794e+01  3.904861e+00  3.214974e-01 -2.337640e+02  0.488145349256  0.000963238564  0.872761817549 -0.000320586173  0.999999521392 -0.000924359244 -0.872762290217  0.000171426295  0.488145424427 
19.252  4.731235e+00  4.173938e+00  1.932164e+01  3.928535e+00  3.221569e-01  3.428734e+03 -0.959096868534  0.001998519404  0.283071020573  0.000890736896  0.999991434000 -0.004042092741 -0.283076673988 -0.003624616688 -0.959090433066 
19.377  5.225501e+00  4.214332e+00  1.846544e+01  3.985707e+00  3.228158e-01  3.788578e+03 -0.066440024994  0.000005920791 -0.997790420401  0.001728029386  0.999998501001 -0.000109130667  0.997788924068 -0.001731461812 -0.066439935631 
19.502  5.727318e+00  4.254671e+00  1.522692e+01  4.040245e+00  3.236875e-01 -2.836410e+02  0.986719273139 -0.000183620803  0.162434732429  0.000267993997  0.999999840328 -0.000497517168 -0.162434615138  0.000534441312  0.986719164797 
19.627  6.233623e+00  4.295242e+00  9.686551e+00  4.061111e+00  3.262121e-01  1.918936e+03 -0.381214326914  0.001896318509  0.924484743483 -0.000507561125  0.999997316244 -0.002260505657 -0.924486549030 -0.001330969660 -0.381212341330 
19.752  6.743271e+00  4.336219e+00  1.665674e+01  4.099425e+00  3.303340e-01  8.770335e+02 -0.819218754322  0.002287082471 -0.573476592217  0.003499231809  0.999993366986 -0.001010623677  0.573470476959 -0.002834649403 -0.819221323464 
19.877  7.259629e+00  4.377786e+00  7.299043e+00  4.162036e+00  3.333882e-01  4.194867e+02  0.741773361345 -0.000651757376 -0.670650322904  0.000757832758  0.999999703917 -0.000133627060  0.670650211428 -0.000409119791  0.741773635641 
20.002  7.782462e+00  4.419497e+00  1.100011e+01  4.196122e+00  3.355309e-01 -1.014436e+03  0.483124899742  0.000963517241  0.875550913930 -0.000116709638  0.999999456470 -0.001036069257 -0.875551436312  0.000398365626  0.483124749601 
20.127  8.308255e+00  4.461579e+00  6.514233e+00  4.218545e+00  3.384892e-01  1.007940e+03 -0.960660877339  0.002899355254  0.277708970847  0.001892982612  0.999990634847 -0.003891893592 -0.277717654042 -0.003213091660 -0.960657369032 
20.252  8.838833e+00  4.503974e+00  2.812632e+00  4.274772e+00  3.393910e-01 -1.729199e+03 -0.060989146044  0.000349761357 -0.998138368029  0.001734519267  0.999998465847  0.000244429009  0.998136922225 -0.001716382714 -0.060989659145 
20.377  9.376763e+00  4.546508e+00 -5.912466e+00  4.328282e+00  3.409791e-01 -2.432336e+03  0.985854046633 -0.000215527373  0.167605943465  0.000304298204  0.999999826715 -0.000503957547 -0.167605805804  0.000547830774  0.985853941384 
20.502  9.918915e+00  4.589071e+00  2.376689e+00  4.346508e+00  3.400598e-01  6.031798e+03 -0.385883467763  0.001900698284  0.922545574296 -0.000535460886  0.999997247753 -0.002284243310 -0.922547376880 -0.001375438800 -0.385881387967 
20.627  1.046359e+01  4.632083e+00 -2.065978e+00  4.377684e+00  3.466508e-01 -7.234760e+02 -0.816479637599  0.002136630908 -0.577370276508  0.003436417554  0.999993423903 -0.001158958347  0.577364003399 -0.002930351244 -0.816481610706 
