0.00195312  0.000000e+00  0.000000e+00  0.000000e+00  0.000000e+00  0.000000e+00  0.000000e+00  0.998750260395  0.000000000000 -0.049979169271  0.000000000000  1.000000000000  0.000000000000  0.049979169271 -0.000000000000  0.998750260395 
0.126953  5.532632e-02 -2.738079e-04  1.168866e+00  1.048874e+00 -8.223059e-03  1.958925e+01  0.998734838182 -0.000205461592 -0.050285989965  0.000215052352  0.999999959706  0.000185313891  0.050285949863 -0.000195893559  0.998734842124 
0.251953  2.586331e-01 -1.506974e-03  5.158434e+00  2.216759e+00 -1.418650e-02  4.670439e+01  0.998676873192 -0.000277470399 -0.051423982362  0.000284577686  0.999999950942  0.000130887734  0.051423943522 -0.000145348671  0.998676903161 
0.376953  6.141813e-01 -3.584076e-03  1.174136e+01  3.416315e+00 -1.962137e-02  6.053450e+01  0.998511033199 -0.000288216567 -0.054549367652  0.000272530395  0.999999919352 -0.000294997701  0.054549448276  0.000279692098  0.998511031219 
0.501953  1.073507e+00 -5.450342e-03  2.036350e+01  4.538892e+00 -1.146303e-02  8.175766e+01  0.998403886282 -0.000273843501 -0.056476586885  0.000253764431  0.999999902026 -0.000362700383  0.056476680675  0.000347789723  0.998403857956 
0.626953  1.729302e+00 -6.510939e-03  3.231720e+01  5.718163e+00 -5.928984e-03  1.052696e+02  0.998474846148 -0.000171833085 -0.055208261003  0.000171300748  0.999999985225 -0.000014374571  0.055208262658  0.000004895431  0.998474860830 
0.751953  2.529772e+00 -7.272646e-03  4.666597e+01  6.795936e+00 -4.954139e-03  1.138550e+02  0.998395218378 -0.000162482116 -0.056630040786  0.000160286947  0.999999986216 -0.000043305491  0.056630047042  0.000034158939  0.998395230660 
0.876953  3.376052e+00 -7.972094e-03  6.183025e+01  7.720750e+00 -6.717125e-03  1.438990e+02  0.998395792307  0.000044023251 -0.056620137450 -0.000040256788  0.999999996901  0.000067662197  0.056620140253 -0.000065274308  0.998395790985 
1.00195  4.425224e+00 -9.171911e-03  8.011119e+01  8.633544e+00 -9.804447e-03  1.476725e+02  0.998326202889 -0.000141307927 -0.057834009525  0.000151167551  0.999999974779  0.000166106485  0.057833984594 -0.000174571082  0.998326199071 
1.12695  5.586140e+00 -1.049928e-02  1.004145e+02  9.431866e+00 -1.253740e-02  1.584399e+02  0.998300181617 -0.000238040684 -0.058281135191  0.000245592234  0.999999962350  0.000122408327  0.058281103858 -0.000136513649  0.998300202493 
1.25195  6.726856e+00 -1.222880e-02  1.201604e+02  1.008024e+01 -1.954823e-02  1.777375e+02  0.998299505690 -0.000198309130 -0.058292860734  0.000213752385  0.999999943695  0.000258690016  0.058292806151 -0.000270710353  0.998299491870 
1.37695  8.123402e+00 -1.531078e-02  1.437919e+02  1.171266e+01 -2.471048e-02  2.028928e+02  0.998273401103 -0.000230660760 -0.058738091957  0.000245410214  0.999999940145  0.000243891879  0.058738032185 -0.000257885704  0.998273397958 
1.50195  9.718749e+00 -1.945109e-02  1.711426e+02  1.312708e+01 -3.706639e-02  2.034114e+02  0.998254224911 -0.000447610684 -0.059061849721  0.000463842768  0.999999858332  0.000261122585  0.059061724473 -0.000288062136  0.998254291111 
1.62695  1.131442e+01 -2.409538e-02  1.979663e+02  1.417213e+01 -4.472285e-02  2.104501e+02  0.998237339165 -0.000611651135 -0.059345097356  0.000627739533  0.999999771104  0.000252456347  0.059344929357 -0.000289264615  0.998237494630 
1.75195  1.319481e+01 -3.027102e-02  2.301519e+02  1.503548e+01 -5.230200e-02  2.584756e+02  0.998228923813 -0.000648169365 -0.059486095348  0.000663822852  0.999999750052  0.000243384076  0.059485922725 -0.000282441253  0.998229104577 
1.87695  1.517109e+01 -3.701694e-02  2.618700e+02  1.564369e+01 -5.066789e-02  2.432973e+02  0.998211217759 -0.000549665573 -0.059783464338  0.000564854333  0.999999812346  0.000237163614  0.059783322759 -0.000270508329  0.998211340922 
2.00195  1.702593e+01 -4.310440e-02  2.940503e+02  1.602945e+01 -5.312317e-02  2.770735e+02  0.998191235912 -0.000731811733 -0.060114232920  0.000752640410  0.999999664329  0.000323843002  0.060113975749 -0.000368501647  0.998191451640 
2.12695  1.911031e+01 -5.032867e-02  3.272207e+02  1.632335e+01 -5.762688e-02  2.056143e+02  0.998171491996 -0.000828092544 -0.060439943988  0.000857023670  0.999999530262  0.000452754230  0.060439540675 -0.000503724828  0.998171732812 
2.25195  2.122729e+01 -5.755944e-02  3.636824e+02  1.653047e+01 -5.949015e-02  2.968800e+02  0.998166079071 -0.000749656467 -0.060530294949  0.000790117485  0.999999480160  0.000644510239  0.060529780322 -0.000691154303  0.998166152502 
2.37695  2.317250e+01 -6.431006e-02  3.965795e+02  1.667639e+01 -5.395332e-02  3.189007e+02  0.998140142585 -0.001012915809 -0.060952684615  0.001055878484  0.999999216333  0.000672647739  0.060951955513 -0.000735755338  0.998140429891 
2.50195  2.533023e+01 -7.123302e-02  4.309193e+02  1.681116e+01 -5.561960e-02  2.285396e+02  0.998125114379 -0.001026684275 -0.061198055234  0.001068099448  0.999999222194  0.000644030383  0.061197346418 -0.000708188508  0.998125434633 
2.62695  2.750424e+01 -7.835171e-02  4.656870e+02  1.693029e+01 -5.605120e-02  2.090200e+02  0.998116457545 -0.000983328001 -0.061339793313  0.001027562599  0.999999234283  0.000689599545  0.061339068242 -0.000751331133  0.998116703702 
2.75195  2.949343e+01 -8.489737e-02  4.987195e+02  1.702288e+01 -5.980570e-02  2.538568e+02  0.998120397089 -0.001200501123 -0.061271785609  0.001254242808  0.999998861770  0.000838649830  0.061270709067 -0.000913923197  0.998120766719 
2.87695  3.169380e+01 -9.248886e-02  5.332033e+02  1.712548e+01 -5.703450e-02  2.457876e+02  0.998108240947 -0.001366824185 -0.061466016182  0.001416303052  0.999998707163  0.000761417985  0.061464895992 -0.000847032072  0.998108886393 
3.00195  3.390723e+01 -1.000956e-01  5.698349e+02  1.722788e+01 -5.875368e-02  2.593621e+02  0.998101120486 -0.001324174222 -0.061582463798  0.001369173489  0.999998825650  0.000688522746  0.061581479754 -0.000771532401  0.998101761390 
3.12695  3.593079e+01 -1.071417e-01  6.034676e+02  1.731890e+01 -6.058329e-02  3.042454e+02  0.998091521199 -0.001254602402 -0.061739300963  0.001309633953  0.999998780417  0.000850895161  0.061738158132 -0.000930127130  0.998091947014 
3.25195  3.816879e+01 -1.149620e-01  6.380202e+02  1.741323e+01 -6.448325e-02  2.949563e+02  0.998073331099 -0.001251736139 -0.062032724477  0.001302142104  0.999998854104  0.000772150554  0.062031686866 -0.000851438298  0.998073817349 
3.37695  4.027357e+01 -1.212494e-01  6.696836e+02  1.530169e+01 -3.212130e-02  1.890584e+02  0.998045728107 -0.001410687043 -0.062471870221  0.001458012376  0.999998683651  0.000711965833  0.062470783625 -0.000801659218  0.998046471130 
3.50195  4.200621e+01 -1.247254e-01  6.962627e+02  1.424667e+01 -2.549740e-02  1.687046e+02  0.998012405682 -0.001695670528 -0.062994942710  0.001739745660  0.999998278747  0.000644815918  0.062993740885 -0.000753129464  0.998013637885 
3.62695  4.379604e+01 -1.278341e-01  7.227599e+02  1.351001e+01 -2.259967e-02  1.074429e+02  0.998007601197 -0.001690888726 -0.063071141163  0.001727433730  0.999998370225  0.000524899693  0.063070150824 -0.000632805100  0.998008895568 
3.75195  4.550677e+01 -1.302571e-01  7.559724e+02  1.301747e+01 -1.552253e-02  1.525220e+02  0.997972966072 -0.001678353924 -0.063617152704  0.001726460861  0.999998263803  0.000701229999  0.063615865340 -0.000809641107  0.997974131007 
3.87695  4.701427e+01 -1.320710e-01  7.750719e+02  1.269484e+01 -1.444128e-02  1.736313e+02  0.997953049021 -0.001398619470 -0.063935559856  0.001444203937  0.999998734849  0.000666765428  0.063934546417 -0.000757736579  0.997953806351 
4.00195  4.863487e+01 -1.334506e-01  8.043530e+02  1.243951e+01 -1.145405e-02  1.357013e+02  0.997936032552 -0.001316035540 -0.064202359649  0.001388243253  0.999998453090  0.001080092086  0.064200838894 -0.001166991304  0.997936315812 
4.12695  5.022725e+01 -1.342982e-01  8.274244e+02  1.225904e+01 -3.997536e-03  1.318153e+02  0.997916985818 -0.001171550113 -0.064500518495  0.001240009756  0.999998709600  0.001021359187  0.064499238690 -0.001099212954  0.997917150839 
4.25195  5.165754e+01 -1.342247e-01  8.404358e+02  1.214632e+01  3.077897e-03  1.061963e+02  0.997884621425 -0.001280851916 -0.064997244103  0.001350645374  0.999998557570  0.001029861798  0.064995831248 -0.001115471478  0.997884912023 
4.37695  5.321774e+01 -1.336529e-01  8.616808e+02  1.205965e+01  2.007988e-03  4.773382e+01  0.997841360784 -0.001201563024 -0.065659538184  0.001266925932  0.999998742530  0.000953853543  0.065658309504 -0.001034980289  0.997841628320 
4.50195  5.476814e+01 -1.332749e-01  8.978012e+02  1.199608e+01  2.063364e-03  4.504826e+01  0.997804934390 -0.001377748315 -0.066207361492  0.001438203255  0.999998591273  0.000865461619  0.066206075835 -0.000958781517  0.997805510238 
4.62695  5.617135e+01 -1.328547e-01  9.107067e+02  1.195007e+01  5.797945e-03  3.539524e+01  0.997779590648 -0.001257024851 -0.066590602749  0.001323029101  0.999998676293  0.000947104327  0.066589324068 -0.001033102673  0.997779932961 
4.75195  5.771030e+01 -1.320318e-01  9.349993e+02  1.192829e+01  1.102953e-02  2.170669e+01  0.997731712972 -0.001404981787 -0.067301225524  0.001486131433  0.999998227864  0.001155716896  0.067299482496 -0.001253113865  0.997732032843 
4.87695  5.924114e+01 -1.299528e-01  9.532184e+02  1.140993e+01  2.664787e-02  1.257428e+01  0.997707532298 -0.001272328767 -0.067661371369  0.001363833117  0.999998216884  0.001306211706  0.067659588790 -0.001395496077  0.997707488513 
5.00195  6.050019e+01 -1.251426e-01  9.778646e+02  1.000303e+01  5.601419e-02 -7.234880e+00  0.997686603389 -0.001437339946 -0.067965987613  0.001539745684  0.999997757010  0.001454358616  0.067963744758 -0.001555644444  0.997686578725 
5.12695  6.171824e+01 -1.162452e-01  9.821661e+02  8.843031e+00  8.578255e-02 -1.890786e+01  0.997668923842 -0.001461928578 -0.068224490952  0.001551613893  0.999998000441  0.001261589591  0.068222510179 -0.001364506798  0.997669197292 
5.25195  6.280304e+01 -1.041611e-01  1.013684e+03  7.943618e+00  9.938328e-02 -3.573521e+01  0.997644947580 -0.001355990231 -0.068576379736  0.001428452952  0.999998472085  0.001007645941  0.068574908599 -0.001103231014  0.997645360232 
5.37695  6.369507e+01 -9.184206e-02  1.014721e+03  7.203607e+00  1.129202e-01 -2.732141e+01  0.997627189751 -0.001264489321 -0.068835974147  0.001340741716  0.999998537759  0.001061551310  0.068834531172 -0.001151323712  0.997627426333 
5.50195  6.457676e+01 -7.614909e-02  1.033411e+03  6.412790e+00  1.304621e-01 -2.980762e+01  0.997613211017 -0.000970201730 -0.069043029432  0.001048666611  0.999998844898  0.001100227731  0.069041882237 -0.001170004839  0.997613076090 
5.62695  6.536084e+01 -5.869257e-02  1.054536e+03  5.696799e+00  1.425051e-01 -2.672791e+01  0.997572214895 -0.000936695630 -0.069633315814  0.001022375355  0.999998763585  0.001194812781  0.069632110543 -0.001263103418  0.997571939136 
5.75195  6.599758e+01 -4.163154e-02  1.051785e+03  5.122284e+00  1.511411e-01 -2.160147e+01  0.997554865781 -0.001149813689 -0.069878234700  0.001247787142  0.999998298852  0.001358425877  0.069876553890 -0.001442297506  0.997554603515 
5.87695  6.662472e+01 -2.196127e-02  1.049281e+03  4.570889e+00  1.590549e-01 -3.154325e+01  0.997490143391 -0.001020971855 -0.070798103468  0.001139124693  0.999998025164  0.001628515576  0.070796300985 -0.001705076103  0.997489336526 
6.00195  6.718538e+01 -1.017850e-03  1.057204e+03  4.096402e+00  1.627054e-01 -4.013091e+01  0.997436886685 -0.000716295498 -0.071548193552  0.000827419491  0.999998497148  0.001523508767  0.071546994743 -0.001578804212  0.997435980362 
6.12695  6.764570e+01  1.823875e-02  1.086630e+03  3.731808e+00  1.672474e-01 -2.683830e+01  0.997391472883 -0.000760468466 -0.072178054201  0.000869243047  0.999998533462  0.001475632082  0.072176826177 -0.001534523127  0.997390671202 
6.25195  6.810655e+01  3.962269e-02  1.078371e+03  3.398163e+00  1.666652e-01 -3.209030e+01  0.997302676146 -0.001018890857 -0.073391648118  0.001117546937  0.999998526392  0.001303189094  0.073390212160 -0.001381692583  0.997302345172 
6.37695  6.852717e+01  6.113089e-02  1.076431e+03  3.114576e+00  1.707595e-01 -2.556248e+01  0.997231117804 -0.001153360403 -0.074355681982  0.001254605796  0.999998348444  0.001314942453  0.074354042576 -0.001404588602  0.997230917834 
6.50195  6.888036e+01  8.132457e-02  1.092223e+03  2.896019e+00  1.767771e-01 -1.712205e+01  0.997166760335 -0.000871436077 -0.075217635440  0.000973339184  0.999998657572  0.001318129359  0.075216385800 -0.001387607055  0.997166269914 
6.62695  6.924171e+01  1.041548e-01  1.080287e+03  2.697216e+00  1.803353e-01 -1.997843e+01  0.997092523004 -0.000825673865 -0.076195923988  0.000926178147  0.999998747157  0.001283696934  0.076194768612 -0.001350535614  0.997092038525 
6.75195  6.957929e+01  1.277040e-01  1.085565e+03  2.534339e+00  1.885149e-01 -1.645961e+01  0.996986870597 -0.001006511473 -0.077563952920  0.001129645026  0.999998170521  0.001543650412  0.077562257317 -0.001626618927  0.996986183631 
6.87695  6.987002e+01  1.501315e-01  1.093879e+03  2.417445e+00  1.931181e-01 -1.595829e+01  0.996934004818 -0.000896133143 -0.078241849306  0.001019721305  0.999998294858  0.001539626559  0.078240336182 -0.001614690952  0.996933218710 
7.00195  7.017455e+01  1.748179e-01  1.112926e+03  2.298766e+00  1.896363e-01 -1.268999e+01  0.996927552631 -0.000879577659 -0.078324205381  0.001023871384  0.999997852018  0.001802122641  0.078322452036 -0.001876779627  0.996926311823 
7.12695  7.046492e+01  1.995576e-01  1.102455e+03  2.200131e+00  1.927548e-01 -1.021839e+01  0.997028362969 -0.001008612826 -0.077028735780  0.001146908007  0.999997809028  0.001751154233  0.077026800775 -0.001834295312  0.997027335294 
7.25195  7.071842e+01  2.219147e-01  1.103254e+03  2.120115e+00  1.908964e-01 -6.842011e+00  0.997249840046 -0.001087999323 -0.074105146828  0.001217681776  0.999997805416  0.001704821144  0.074103129353 -0.001790369100  0.997248976334 
7.37695  7.098744e+01  2.467709e-01  1.102378e+03  2.050285e+00  1.945133e-01 -4.471244e+00  0.997708075050 -0.001324103523 -0.067652374161  0.001437126678  0.999997651881  0.001622004830  0.067650067603 -0.001715512348  0.997707635217 
7.50195  7.124874e+01  2.720372e-01  1.116552e+03  1.998123e+00  1.968976e-01 -6.058073e+00  0.998360859914 -0.001346432046 -0.057216960012  0.001449247277  0.999997408984  0.001755479506  0.057214448128 -0.001835523553  0.998360224457 
7.62695  7.148034e+01  2.949506e-01  1.100982e+03  1.951841e+00  1.962923e-01 -6.134982e+00  0.999104773764 -0.001259854708 -0.042285503527  0.001333671882  0.999997635719  0.001717520394  0.042283239726 -0.001772377812  0.999104091832 
7.75195  7.172954e+01  3.203517e-01  1.103285e+03  1.911734e+00  1.996745e-01 -5.439948e+00  0.999801295996 -0.001266831476 -0.019893809651  0.001302607103  0.999997557645  0.001785474394  0.019891499168 -0.001811033431  0.999800504310 
7.87695  7.197446e+01  3.456557e-01  1.105177e+03  1.882849e+00  1.972584e-01 -4.615290e+00  0.999954898501 -0.001190148572  0.009422553232  0.001174352014  0.999997896191  0.001681817906 -0.009424535022 -0.001670676659  0.999954192440 
8.00195  7.219393e+01  3.684451e-01  1.116993e+03  1.861798e+00  1.909402e-01 -3.416050e+00  0.999128800428 -0.001393097400  0.041709704332  0.001322262542  0.999997636578  0.001725821862 -0.041712009992 -0.001669167147  0.999128281105 
8.12695  7.243326e+01  3.931612e-01  1.102705e+03  1.851958e+00  1.919868e-01 -3.024637e+00  0.996625720790 -0.001465008590  0.082067206659  0.001343752571  0.999997922526  0.001532733682 -0.082069281635 -0.001417283790  0.996625618936 
8.25195  7.267121e+01  4.178366e-01  1.094252e+03  1.841961e+00  1.912229e-01 -4.178812e+00  0.992085233393 -0.001595753697  0.125556135865  0.001383073659  0.999997457468  0.001781057410 -0.125558658763 -0.001593307372  0.992084918029 
8.37695  7.288684e+01  4.405881e-01  1.100517e+03  1.833545e+00  1.952279e-01 -1.351747e+01  0.986099535644 -0.001498036023  0.166148914204  0.001284421733  0.999998204735  0.001393121710 -0.166150702869 -0.001160351395  0.986099689444 
8.50195  7.312310e+01  4.655582e-01  1.104994e+03  1.830772e+00  1.930400e-01 -1.455240e+01  0.977394648317 -0.001609950552  0.211416909211  0.001360532483  0.999998196392  0.001325203749 -0.211418661411 -0.001007607480  0.977395075870 
8.62695  7.335803e+01  4.907032e-01  1.101615e+03  1.815930e+00  1.988442e-01 -1.558062e+01  0.967163748567 -0.001583507930  0.254149121501  0.001378689071  0.999998565460  0.000984019017 -0.254150315116 -0.000601314905  0.967164544298 
8.75195  7.356998e+01  5.142135e-01  1.111169e+03  1.801671e+00  2.011101e-01 -1.358203e+01  0.959310453133 -0.001420341073  0.282349848842  0.001171466129  0.999998762314  0.001050255962 -0.282350991104 -0.000676758238  0.959310929689 
8.87695  7.380150e+01  5.398313e-01  1.120166e+03  1.786808e+00  1.969188e-01 -9.599861e+00  0.957705569719 -0.001265276644  0.287747182097  0.001010064617  0.999998953867  0.001035390890 -0.287748191131 -0.000700956375  0.957705845843 
9.00195  7.403006e+01  5.649256e-01  1.111105e+03  1.754373e+00  1.962250e-01 -1.036380e+01  0.968580188198 -0.001004944277  0.248699435297  0.000842067123  0.999999355675  0.000761296851 -0.248700040115 -0.000527955429  0.968580410348 
9.12695  7.423395e+01  5.874236e-01  1.120918e+03  1.721640e+00  1.880707e-01 -9.121316e+00  0.986708528616 -0.000704708567  0.162498562894  0.000576852550  0.999999485847  0.000833994294 -0.162499067068 -0.000729171572  0.986708427810 
9.25195  7.445409e+01  6.116368e-01  1.099598e+03  1.698167e+00  1.872363e-01 -9.687039e+00  0.999862986617 -0.000840602683  0.016531829292  0.000823767819  0.999999135274  0.001025113676 -0.016532676709 -0.001011354833  0.999862814471 
9.37695  7.467359e+01  6.356714e-01  1.111648e+03  1.717208e+00  1.849819e-01 -7.012172e+00  0.990431078065 -0.000440938205 -0.138007554784  0.000623978253  0.999998982225  0.001283043508  0.138006848580 -0.001356879878  0.990430345164 
9.50195  7.487675e+01  6.573459e-01  1.084065e+03  1.761445e+00  1.827767e-01 -1.380542e+01  0.974571495461 -0.000117625206 -0.224076742210  0.000390496654  0.999999235269  0.001173445262  0.224076432825 -0.001231107522  0.974570796108 
9.62695  7.510764e+01  6.806524e-01  1.086015e+03  1.830632e+00  1.796987e-01 -9.548054e+00  0.978188554824 -0.000086994499 -0.207718905356  0.000338729905  0.999999250747  0.001176336270  0.207718647387 -0.001221039281  0.978187851382 
9.75195  7.534730e+01  7.041599e-01  1.114734e+03  1.886130e+00  1.815672e-01 -4.422065e+00  0.997456981506 -0.000427904931 -0.071269817887  0.000490971976  0.999999503291  0.000867389716  0.071269411326 -0.000900175411  0.997456696150 
9.87695  7.556941e+01  7.253481e-01  1.087948e+03  1.892856e+00  1.786647e-01 -8.591312e+00  0.995649757370 -0.000773880529  0.093171678951  0.000716547996  0.999999532812  0.000648795107 -0.093172137512 -0.000579210711  0.995649846736 
10.002  7.581106e+01  7.480894e-01  1.092152e+03  1.844758e+00  1.742375e-01 -8.929524e+00  0.981000618691 -0.000931984211  0.194002364760  0.000806513862  0.999999411427  0.000725728603 -0.194002926943 -0.000555474612  0.981000792959 
10.127  7.604533e+01  7.705158e-01  1.098621e+03  1.785964e+00  1.718549e-01 -6.089000e+00  0.991249757665 -0.001122554946  0.131994915808  0.001056952280  0.999999280641  0.000567070682 -0.131995457424 -0.000422596349  0.991250231088 
10.252  7.625332e+01  7.905470e-01  1.093677e+03  1.772719e+00  1.718483e-01 -7.720864e+00  0.999252438110 -0.000987970607 -0.038646977173  0.001012476843  0.999999298617  0.000614538094  0.038646342921 -0.000653207858  0.999252737549 
10.377  7.648459e+01  8.123852e-01  1.098903e+03  1.833654e+00  1.683384e-01 -1.165890e+01  0.978258280527 -0.000584209298 -0.207389477265  0.000801498762  0.999999214428  0.000963713129  0.207388751336 -0.001108982758  0.978257980278 
10.502  7.672715e+01  8.339616e-01  1.106922e+03  1.943671e+00  1.667384e-01 -7.726340e+00  0.977541757701 -0.000796993189 -0.210740306427  0.001060506195  0.999998790819  0.001137403987  0.210739145101 -0.001335351293  0.977541420892 
10.627  7.695917e+01  8.534057e-01  1.084024e+03  2.011765e+00  1.682307e-01 -9.637069e+00  0.998476758422 -0.000841367731 -0.055167517537  0.000907491337  0.999998899612  0.001173556572  0.055166469439 -0.001221833006  0.998476423244 
10.752  7.721852e+01  8.748882e-01  1.089699e+03  1.992969e+00  1.655366e-01 -9.592608e+00  0.987755501719 -0.001433679941  0.156003247999  0.001295889304  0.999998675266  0.000984955467 -0.156004453447 -0.000770732240  0.987756051096 
10.877  7.747043e+01  8.958313e-01  1.076676e+03  1.903229e+00  1.617259e-01 -4.378732e+00  0.976986835827 -0.001530503196  0.213294116609  0.001400282152  0.999998729590  0.000761596359 -0.213295011263 -0.000445397672  0.976987737790 
11.002  7.768920e+01  9.149855e-01  1.087082e+03  1.829658e+00  1.656439e-01 -1.665984e+00  0.996815126863 -0.001223648392  0.079737729727  0.001157967786  0.999998951154  0.000869943292 -0.079738710599 -0.000774838911  0.996815498303 
11.127  7.792466e+01  9.365116e-01  1.093280e+03  1.844334e+00  1.688629e-01 -1.710271e+00  0.988333984903 -0.000776231077 -0.152300137070  0.000932713796  0.999999108033  0.000956022503  0.152299259129 -0.001086921969  0.988333827342 
11.252  7.816802e+01  9.580076e-01  1.068056e+03  1.950457e+00  1.659403e-01 -1.736531e+00  0.968952967717 -0.000581570971 -0.247244429923  0.000863543588  0.999999094607  0.001032025990  0.247243605873 -0.001213490987  0.968952592645 
11.377  7.840186e+01  9.776904e-01  1.075704e+03  2.046850e+00  1.686133e-01 -1.464967e+00  0.991210333609 -0.000962386679 -0.132291905869  0.001099321286  0.999998932964  0.000962061630  0.132290838834 -0.001099036738  0.991210333925 
11.502  7.866777e+01  9.992441e-01  1.070783e+03  2.060197e+00  1.609468e-01 -1.490784e+00  0.993125444362 -0.001509093782  0.117045181009  0.001431134094  0.999998694598  0.000750104607 -0.117046160197 -0.000577440622  0.993126307650 
11.627  7.892836e+01  1.020195e+00  1.071085e+03  1.967622e+00  1.682771e-01 -9.972385e-01  0.968830485671 -0.001522522284  0.247719946632  0.001452279047  0.999998836731  0.000466285820 -0.247720368398 -0.000091993429  0.968831569788 
11.752  7.915380e+01  1.039559e+00  1.073360e+03  1.870604e+00  1.613195e-01 -8.385015e-01  0.988058157157 -0.001698795007  0.154072035656  0.001636996330  0.999998520746  0.000527966781 -0.154072704652 -0.000269446528  0.988059476489 
11.877  7.939206e+01  1.059965e+00  1.063324e+03  1.846087e+00  1.538715e-01 -5.796379e-01  0.994461705695 -0.001052030532 -0.105094286892  0.001153168338  0.999998928665  0.000901593705  0.105093225797 -0.001017791818  0.994461853462 
12.002  7.963527e+01  1.079662e+00  1.052080e+03  1.943488e+00  1.506535e-01 -5.938348e-01  0.963628777279 -0.000891476773 -0.267242932308  0.001175657821  0.999998900866  0.000903379981  0.267241833230 -0.001184709190  0.963628766194 
12.127  7.986843e+01  1.097255e+00  1.066854e+03  2.045023e+00  1.496178e-01 -4.873759e-01  0.980708155689 -0.000992795931 -0.195475133254  0.001181974590  0.999998939245  0.000851142754  0.195474080891 -0.001065769281  0.980708288858 
12.252  8.013684e+01  1.116672e+00  1.066593e+03  2.097991e+00  1.515094e-01 -4.989163e-01  0.997549358529 -0.001349491158  0.069953242752  0.001307885404  0.999998939557  0.000640563309 -0.069954033005 -0.000547502693  0.997550065664 
12.377  8.040288e+01  1.136263e+00  1.064932e+03  2.009695e+00  1.522006e-01 -3.321307e-01  0.963721910897 -0.001810281131  0.266902231798  0.001637142432  0.999998280377  0.000871210345 -0.266903349963 -0.000402647529  0.963723217347 
12.502  8.063350e+01  1.154226e+00  1.076562e+03  1.914492e+00  1.535082e-01 -1.834068e-01  0.974903194940 -0.001577677717  0.222623609325  0.001367242483  0.999998461013  0.001099372277 -0.222625001165 -0.000767401089  0.974903851645 
12.627  8.087492e+01  1.174021e+00  1.060149e+03  1.850378e+00  1.534167e-01 -1.956372e-01  0.999134914123 -0.000910437641 -0.041576369294  0.000962008859  0.999998792572  0.001220407118  0.041575207989 -0.001259348197  0.999134583589 
12.752  8.111756e+01  1.193305e+00  1.062190e+03  1.939467e+00  1.464273e-01 -1.299283e-01  0.961831629364 -0.000217664365 -0.273641863349  0.000639687232  0.999998739765  0.001453020812  0.273641202225 -0.001572606582  0.961830556467 
12.877  8.135009e+01  1.210471e+00  1.067147e+03  2.041068e+00  1.469831e-01 -9.831156e-02  0.965064270379 -0.000241204400 -0.262013159704  0.000595233904  0.999999014079  0.001271824713  0.262012594610 -0.001383351704  0.965063462475 
13.002  8.161956e+01  1.229261e+00  1.060101e+03  2.127855e+00  1.458389e-01 -1.095596e-01  0.999974402329 -0.000878844271 -0.007100867499  0.000886769595  0.999998987396  0.001113035040  0.007099882124 -0.001119303383  0.999974169083 
13.127  8.189153e+01  1.247917e+00  1.045974e+03  2.064924e+00  1.424484e-01 -5.159261e-02  0.965080797234 -0.001519538792  0.261947983027  0.001311176646  0.999998669750  0.000970213112 -0.261949108847 -0.000592873965  0.965081505819 
13.252  8.212781e+01  1.264714e+00  1.043008e+03  1.959270e+00  1.433503e-01 -2.931386e-02  0.956889422646 -0.001165275730  0.290450124738  0.001060766151  0.999999303607  0.000517262676 -0.290450525224 -0.000186863523  0.956889992360 
13.377  8.237355e+01  1.282879e+00  1.051090e+03  1.854972e+00  1.370883e-01 -2.551298e-02  0.998378376941 -0.000601695105  0.056923232692  0.000581277885  0.999999760657  0.000375236773 -0.056923444845 -0.000341540064  0.998378487738 
13.502  8.261365e+01  1.300636e+00  1.048048e+03  1.902304e+00  1.356740e-01 -4.420195e-02  0.969181720772 -0.000691728974 -0.246345922702  0.000879913299  0.999999399132  0.000653825825  0.246345322411 -0.000850439092  0.969181747083 
13.627  8.284163e+01  1.316580e+00  1.050245e+03  1.999002e+00  1.327646e-01 -2.618996e-02  0.946826074763 -0.000489166847 -0.321745465960  0.000787201868  0.999999373182  0.000796209244  0.321744874805 -0.001007150305  0.946825866348 
13.752  8.310609e+01  1.333221e+00  1.048355e+03  2.111197e+00  1.267126e-01 -2.235908e-02  0.992550109466 -0.000923291700 -0.121833606743  0.001015016854  0.999999246260  0.000690811739  0.121832877091 -0.000809328431  0.992550298497 
13.877  8.337970e+01  1.349986e+00  1.046287e+03  2.103614e+00  1.288292e-01 -2.036264e-02  0.977594434813 -0.001019238363  0.210494850710  0.001025234788  0.999999471195  0.000080638555 -0.210494821589  0.000136974841  0.977594962815 
14.002  8.362112e+01  1.365676e+00  1.034230e+03  2.003054e+00  1.376906e-01 -4.216231e-03  0.940266540639 -0.001331620751  0.340436571685  0.001385832814  0.999999036212  0.000083913551 -0.340436355318  0.000392887068  0.940267479826 
14.127  8.387243e+01  1.382998e+00  1.053922e+03  1.882228e+00  1.285234e-01  4.775940e-03  0.982047097735 -0.001669049068  0.188628502897  0.001592324470  0.999998576408  0.000558288201 -0.188629166177 -0.000247907527  0.982048357368 
14.252  8.411138e+01  1.399237e+00  1.038753e+03  1.857836e+00  1.211759e-01 -1.840895e-02  0.987228769296 -0.001028750651 -0.159305677072  0.001177637522  0.999998953619  0.000840196471  0.159304646025 -0.001017070471  0.987228947774 
14.377  8.433404e+01  1.413159e+00  1.043656e+03  1.954604e+00  1.196921e-01 -1.926023e-03  0.937269895369 -0.000539331643 -0.348604148507  0.000933974259  0.999999099197  0.000964001147  0.348603314567 -0.001229116556  0.937269554795 
14.502  8.459253e+01  1.428213e+00  1.041462e+03  2.065340e+00  1.133183e-01  1.760279e-02  0.966338669110 -0.000869542038 -0.257271880468  0.001116505216  0.999999045531  0.000813850919  0.257270927233 -0.001073701010  0.966338717618 
14.627  8.486438e+01  1.442941e+00  1.038450e+03  2.128267e+00  1.146628e-01 -8.639027e-03  0.996175086007 -0.001233783795  0.087370909326  0.001199644543  0.999999182193  0.000443245703 -0.087371384742 -0.000336736292  0.996175751430 
14.752  8.510984e+01  1.456524e+00  1.036482e+03  2.044942e+00  1.162663e-01 -4.652624e-03  0.940853188907 -0.001175884360  0.338812476482  0.001280940285  0.999999175858 -0.000086458922 -0.338812095587  0.000515343703  0.940853919748 
14.877  8.536707e+01  1.471598e+00  1.028359e+03  1.932790e+00  1.138569e-01  1.895909e-02  0.947105530820 -0.001293590025  0.320919678602  0.001389571021  0.999999032092 -0.000070053750 -0.320919277361  0.000512288979  0.947106411645 
15.002  8.560952e+01  1.486635e+00  1.038228e+03  1.833743e+00  1.210199e-01 -1.156871e-03  0.999984376760 -0.001342265625  0.005426284111  0.001339304533  0.999998952271  0.000549291336 -0.005427015721 -0.000542015308  0.999985126749 
15.127  8.582641e+01  1.500786e+00  1.037128e+03  1.897010e+00  1.185540e-01 -6.452664e-03  0.952417888465 -0.001207590498 -0.304792892726  0.001529915669  0.999998494553  0.000818688286  0.304791445237 -0.001246040791  0.952418302162 
15.252  8.607749e+01  1.516297e+00  1.035284e+03  2.012916e+00  1.202007e-01  2.220923e-02  0.928175158710 -0.001017314212 -0.372142230640  0.001587526814  0.999997988522  0.001225850629  0.372140235008 -0.001728589872  0.928174906720 
15.377  8.634386e+01  1.531403e+00  1.036826e+03  2.129397e+00  1.167987e-01  8.729025e-03  0.993504982624 -0.001691292662 -0.113776047698  0.001786873786  0.999998131141  0.000738103581  0.113774586718 -0.000936613023  0.993506148030 
15.502  8.659384e+01  1.545110e+00  1.020597e+03  2.109481e+00  1.196090e-01 -6.686795e-03  0.971473068676 -0.002041249877  0.237141118609  0.002057044775  0.999997867932  0.000180828718 -0.237140982125  0.000312139669  0.971475196372 
15.627  8.686023e+01  1.560460e+00  1.023488e+03  2.013858e+00  1.199339e-01  1.507941e-02  0.919050299703 -0.001609018267  0.394136978317  0.002002081709  0.999997824082 -0.000586088191 -0.394135177681  0.001327738963  0.919051521311 
15.752  8.711344e+01  1.575866e+00  1.016597e+03  1.903389e+00  1.192217e-01  5.677234e-02  0.977660003437 -0.001756324953  0.210185234976  0.001870252163  0.999998192162 -0.000343263687 -0.210184252113  0.000728694567  0.977661520757 
15.877  8.733376e+01  1.589655e+00  1.020537e+03  1.886103e+00  1.161349e-01  1.113076e-02  0.987411643496 -0.001575910374 -0.158163721486  0.001637997120  0.999998624110  0.000262191744  0.158163090679 -0.000517962901  0.987412866263 
16.002  8.758337e+01  1.604775e+00  1.022087e+03  1.998027e+00  1.161486e-01  1.623097e-02  0.910325088161 -0.001039809760 -0.413892682540  0.001574615998  0.999998308108  0.000950981891  0.413890993438 -0.001517424713  0.910325185290 
16.127  8.784844e+01  1.618903e+00  1.007628e+03  2.128662e+00  1.043062e-01  3.156042e-02  0.944430100832 -0.001376829937 -0.328709429409  0.001699087863  0.999998316326  0.000693141365  0.328707921632 -0.001213129772  0.944430850075 
16.252  8.810411e+01  1.630673e+00  1.002076e+03  2.228971e+00  9.826411e-02  1.298140e-02  0.999904303354 -0.001724559681  0.013726253271  0.001720349298  0.999998469464  0.000318541066 -0.013726781605 -0.000294896633  0.999905739809 
16.377  8.838847e+01  1.642732e+00  1.006381e+03  2.160870e+00  9.486853e-02  5.601753e-03  0.931733656430 -0.001618289709  0.363138781478  0.001802547296  0.999998361206 -0.000168549681 -0.363137913606  0.000811618239  0.931735046554 
16.502  8.866153e+01  1.655301e+00  1.002036e+03  2.065541e+00  1.028206e-01  4.022124e-02  0.922339540585 -0.001634115396  0.386376890535  0.001928568484  0.999998070200 -0.000374460094 -0.386375532994  0.001090533645  0.922340912158 
16.627  8.889831e+01  1.667492e+00  1.013602e+03  1.969828e+00  1.047112e-01  3.718881e-02  0.994370724862 -0.002022830926  0.105937574511  0.002023126223  0.999997947999  0.000104677553 -0.105937568872  0.000110236791  0.994372776855 
16.752  8.915256e+01  1.680644e+00  9.971770e+02  2.014392e+00  9.820143e-02  2.218597e-03  0.949685848371 -0.001748379230 -0.313199189931  0.002239564797  0.999996761902  0.001208526195  0.313196062799 -0.001849150105  0.949686688804 
16.877  8.941941e+01  1.692902e+00  1.018922e+03  2.140195e+00  9.321392e-02  2.422636e-02  0.889544198397 -0.001202295092 -0.456847538666  0.002315794617  0.999995556114  0.001877457674  0.456843251229 -0.002728046652  0.889543029633 
17.002  8.967644e+01  1.703828e+00  1.010248e+03  2.258258e+00  9.037973e-02  1.533906e-02  0.961499818628 -0.001863918049 -0.274799244155  0.002290925807  0.999996615744  0.001232947375  0.274796016052 -0.001815023358  0.961500834764 
17.127  8.997274e+01  1.715744e+00  1.006459e+03  2.310739e+00  8.978286e-02 -1.912080e-02  0.986216332774 -0.002698434713  0.165439002115  0.002740187779  0.999996245387 -0.000024137963 -0.165438315821  0.000477139186  0.986220024131 
17.252  9.026519e+01  1.727353e+00  9.882514e+02  2.220205e+00  8.883914e-02 -3.241715e-02  0.899059344746 -0.002375267659  0.437820342982  0.002996846421  0.999995243865 -0.000728806742 -0.437816529538  0.001967320839  0.899062187011 
17.377  9.052110e+01  1.737754e+00  1.002701e+03  2.140631e+00  9.310032e-02  9.979979e-03  0.929692434725 -0.002605032005  0.368327558870  0.003028201584  0.999995252026 -0.000570895285 -0.368324322860  0.001646127125  0.929695909131 
17.502  9.079066e+01  1.749575e+00  9.885628e+02  2.052186e+00  9.034328e-02 -1.534441e-02  0.999593415540 -0.003035024266 -0.028351229897  0.003050354442  0.999995223909  0.000497489702  0.028349584596 -0.000583768730  0.999597899291 
17.627  9.105972e+01  1.761158e+00  9.892208e+02  2.148721e+00  8.863026e-02 -4.352362e-02  0.908693707484 -0.001938707224 -0.417458964921  0.002809340414  0.999994971693  0.001471120596  0.417454013737 -0.002509582370  0.908694584782 
17.752  9.131773e+01  1.771256e+00  9.974871e+02  2.269444e+00  8.643657e-02 -9.344933e-03  0.879591600751 -0.001659229727 -0.475726668208  0.002794320568  0.999994686723  0.001678779106  0.475721355060 -0.002805972815  0.879591563657 
17.877  9.161843e+01  1.782224e+00  9.991824e+02  2.407381e+00  8.848173e-02 -8.637141e-03  0.982230191743 -0.002642389099 -0.187661578935  0.002782359057  0.999996012849  0.000482456279  0.187659555863 -0.000996025017  0.982233627518 
18.002  9.193149e+01  1.794010e+00  9.879261e+02  2.415142e+00  9.396953e-02 -3.875218e-02  0.959947651736 -0.002244899429  0.280170423767  0.002648932155  0.999995926113 -0.001063445294 -0.280166895057  0.001763004257  0.959949687604 
18.127  9.221065e+01  1.805429e+00  9.851891e+02  2.336954e+00  9.511758e-02  3.950388e-03  0.879067669558 -0.001164781129  0.476695579613  0.002461678441  0.999994773215 -0.002096111086 -0.476690646517  0.003016094719  0.879065942177 
18.252  9.250687e+01  1.817452e+00  9.907047e+02  2.248342e+00  9.538343e-02  2.075641e-02  0.944643097460 -0.002030035022  0.328093427820  0.002747229369  0.999994742922 -0.001722457272 -0.328088206359  0.002528455273  0.944643708370 
18.377  9.279131e+01  1.830087e+00  9.992503e+02  2.189458e+00  1.006254e-01 -1.084642e-02  0.990841583355 -0.003108341388 -0.134993684701  0.003103237548  0.999995154137 -0.000248230281  0.134993802124 -0.000172960586  0.990846427794 
18.502  9.305342e+01  1.841512e+00  9.744630e+02  2.300222e+00  9.588261e-02 -1.743360e-02  0.883941349534 -0.002768938160 -0.467589588812  0.003480354696  0.999993727296  0.000657646455  0.467584834779 -0.002208698516  0.883945441719 
18.627  9.335724e+01  1.854084e+00  9.759210e+02  2.428495e+00  9.200597e-02  3.633570e-02  0.877722021634 -0.002911788248 -0.479161323802  0.003577433813  0.999993487533  0.000476297109  0.479156816403 -0.002132224383  0.877726722228 
18.752  9.367864e+01  1.865947e+00  9.820369e+02  2.568865e+00  9.244513e-02  2.096720e-02  0.993092434289 -0.003233806716 -0.117290065444  0.003169563274  0.999994707358 -0.000734250529  0.117291819094  0.000357420362  0.993097427962 
18.877  9.398018e+01  1.876882e+00  9.856781e+02  2.547108e+00  9.380523e-02 -1.392338e-02  0.946060928761 -0.001860442645  0.323983422147  0.002618444374  0.999994759778 -0.001903724010 -0.323978182632  0.002649371474  0.946060842657 
19.002  9.430392e+01  1.889234e+00  9.671507e+02  2.468158e+00  9.662980e-02  2.567870e-02  0.861488247612 -0.000619445103  0.507777131736  0.002298110034  0.999993770707 -0.002679036641 -0.507772309127  0.003474886303  0.861484304702 
19.127  9.461644e+01  1.901459e+00  9.716833e+02  2.374236e+00  9.290065e-02  5.080970e-02  0.954273746127 -0.001942615297  0.298927823560  0.002600282785  0.999994994999 -0.001802361566 -0.298922826131  0.002497243197  0.954274021335 
19.252  9.489089e+01  1.912464e+00  9.737069e+02  2.335122e+00  9.330379e-02  9.479264e-03  0.987298045337 -0.002913010113 -0.158852397043  0.002873112714  0.999995757009 -0.000480818599  0.158853123663  0.000018310421  0.987302225647 
19.377  9.519871e+01  1.924477e+00  9.736200e+02  2.454632e+00  9.385666e-02  1.207964e-02  0.856847753881 -0.002635799124 -0.515562779137  0.003356953703  0.999994256509  0.000466702146  0.515558587874 -0.002130613066  0.856851680839 
19.502  9.552258e+01  1.936425e+00  9.634929e+02  2.586879e+00  9.106518e-02  4.687721e-02  0.872692933160 -0.002751602385 -0.488261685058  0.003357909335  0.999994295128  0.000366272973  0.488257891750 -0.001959182306  0.872697194191 
19.627  9.583244e+01  1.947019e+00  9.756978e+02  2.712642e+00  9.096451e-02  2.913550e-02  0.991482104267 -0.003245639770 -0.130202545060  0.003147081590  0.999994584520 -0.000962708649  0.130204964557  0.000544750365  0.991486949209 
19.752  9.618323e+01  1.958990e+00  9.674923e+02  2.695770e+00  9.566482e-02 -1.178187e-02  0.928805559510 -0.001235999096  0.370565385499  0.002388181536  0.999993635831 -0.002650450084 -0.370559751205  0.003346730185  0.928802600225 
19.877  9.652629e+01  1.971379e+00  9.673459e+02  2.614296e+00  9.738026e-02  2.766202e-02  0.844651129097 -0.000142219291  0.535317148883  0.002228435994  0.999992234226 -0.003250470858 -0.535312529452  0.003938433883  0.844644886654 
20.002  9.682825e+01  1.982857e+00  9.745267e+02  2.530404e+00  1.031883e-01  6.745771e-02  0.941403100967 -0.001648475925  0.337279533943  0.002641262853  0.999993425054 -0.002484668856 -0.337273220431  0.003229918870  0.941401265351 
20.127  9.714979e+01  1.996245e+00  9.571800e+02  2.490620e+00  1.065209e-01  6.518459e-03  0.982794411030 -0.003616994971 -0.184667438918  0.003532556076  0.999993451407 -0.000786250775  0.184669073471  0.000120374784  0.982800752347 
20.252  9.747749e+01  2.009856e+00  9.678020e+02  2.609060e+00  1.038481e-01  1.338946e-02  0.838367952787 -0.003093844104 -0.545095958404  0.004129098341  0.999991247488  0.000674902634  0.545089099402 -0.002816571557  0.838373389748 
20.377  9.778925e+01  2.022060e+00  9.617572e+02  2.722262e+00  1.024697e-01  8.224648e-02  0.848049660310 -0.002779329601 -0.529909472434  0.003753782049  0.999992663789  0.000762553608  0.529903465519 -0.002635847993  0.848053871836 
20.502  9.814859e+01  2.035079e+00  9.572379e+02  2.862578e+00  9.639895e-02  4.133130e-02  0.990734386095 -0.003537480633 -0.135767678184  0.003504684879  0.999993743096 -0.000480575920  0.135768528726  0.000000300160  0.990740584920 
20.627  9.851797e+01  2.047891e+00  9.603558e+02  2.836772e+00  1.042354e-01 -6.558267e-04  0.920203711995 -0.001737599053  0.391435957954  0.002871133189  0.999993208907 -0.002310569960 -0.391429284832  0.003250059824  0.920202451685 
20.752  9.884619e+01  2.060370e+00  9.718231e+02  2.755457e+00  1.072705e-01  8.105840e-02  0.820357831738 -0.000375709821  0.571850405917  0.002806244623  0.999990388226 -0.003368745610 -0.571843643749  0.004368328972  0.820351000978 
20.877  9.919554e+01  2.074468e+00  9.594295e+02  2.650770e+00  1.130314e-01  8.557127e-02  0.923478448593 -0.001880315453  0.383645695138  0.003027808032  0.999992566955 -0.002387134794 -0.383638354916  0.003366073053  0.923477277571 
21.002  9.953175e+01  2.089537e+00  9.608550e+02  2.590893e+00  1.179269e-01  4.417716e-02  0.988116456549 -0.003496399136 -0.153667314317  0.003490721494  0.999993860363 -0.000306755643  0.153667443395 -0.000233299498  0.988122594829 
