0.00195312  0.000000e+00  0.000000e+00  0.000000e+00  0.000000e+00  0.000000e+00  0.000000e+00  0.998750260395  0.000000000000 -0.049979169271  0.000000000000  1.000000000000  0.000000000000  0.049979169271 -0.000000000000  0.998750260395 
0.251953  7.768115e-02  2.859316e-314  1.258888e+00  6.266716e-01 -3.020693e-314  1.004648e+01  0.998750260395  0.000000000000 -0.049979169271  0.000000000000  1.000000000000  0.000000000000  0.049979169271 -0.000000000000  0.998750260395 
0.501953  3.118124e-01 -2.714521e-313  5.044226e+00  1.249707e+00 -3.171577e-312  2.014779e+01  0.998750260395  0.000000000000 -0.049979169271  0.000000000000  1.000000000000  0.000000000000  0.049979169271 -0.000000000000  0.998750260395 
0.751953  7.001404e-01  2.140890e-311  1.134216e+01  1.858687e+00  3.904562e-310  3.012489e+01  0.998742730889 -0.000000000000 -0.050129407496  0.000000000000  1.000000000000 -0.000000000000  0.050129407496  0.000000000000  0.998742730889 
1.00195  1.238254e+00  3.445535e-310  2.010475e+01  2.451550e+00  2.597261e-309  3.988972e+01  0.998718847722 -0.000000000000 -0.050602996010  0.000000000000  1.000000000000 -0.000000000000  0.050602996010  0.000000000000  0.998718847722 
1.25195  1.921657e+00  1.517799e-309  3.126233e+01  3.016231e+00  7.297154e-309  4.922281e+01  0.998669517882 -0.000000000000 -0.051567373916  0.000000000000  1.000000000000 -0.000000000000  0.051567373916  0.000000000000  0.998669517882 
1.50195  2.743555e+00  4.238368e-309  4.469361e+01  3.560331e+00  1.507678e-308  5.806760e+01  0.998583348421 -0.000000000000 -0.053209926297  0.000000000000  1.000000000000 -0.000000000000  0.053209926297  0.000000000000  0.998583348421 
1.75195  3.699763e+00  9.319392e-309  6.026466e+01  4.092472e+00  2.622028e-308  6.633297e+01  0.998450108766 -0.000000000000 -0.055654113103  0.000000000000  1.000000000000 -0.000000000000  0.055654113103  0.000000000000  0.998450108766 
2.00195  4.788803e+00  1.758942e-308  7.782315e+01  4.629576e+00  4.060932e-308  7.400147e+01  0.998264533515 -0.000000000000 -0.058889057775  0.000000000000  1.000000000000 -0.000000000000  0.058889057775  0.000000000000  0.998264533515 
2.25195  6.013509e+00  2.977137e-308  9.721326e+01  5.175422e+00  5.726420e-308  8.095102e+01  0.998031137368 -0.000000000000 -0.062720402127  0.000000000000  1.000000000000 -0.000000000000  0.062720402127  0.000000000000  0.998031137368 
2.50195  7.377184e+00  4.626572e-308  1.182549e+02  5.741983e+00  7.483849e-308  8.721666e+01  0.997768955458 -0.000000000000 -0.066761602170  0.000000000000  1.000000000000 -0.000000000000  0.066761602170  0.000000000000  0.997768955458 
2.75195  8.884897e+00  6.708700e-308  1.407774e+02  6.326357e+00  9.157697e-308  9.280830e+01  0.997510602570 -0.000000000000 -0.070516648817  0.000000000000  1.000000000000 -0.000000000000  0.070516648817  0.000000000000  0.997510602570 
3.00195  1.053947e+01  9.182024e-308  1.646150e+02  6.917496e+00  1.059677e-307  9.777610e+01  0.997293382211 -0.000000000000 -0.073524892366  0.000000000000  1.000000000000 -0.000000000000  0.073524892366  0.000000000000  0.997293382211 
3.25195  1.233969e+01  1.197534e-307  1.896170e+02  7.482886e+00  1.170283e-307  1.021072e+02  0.997143611169 -0.000000000000 -0.075528926278  0.000000000000  1.000000000000 -0.000000000000  0.075528926278  0.000000000000  0.997143611169 
3.50195  1.427595e+01  1.500645e-307  2.156306e+02  8.001707e+00  1.251117e-307  1.058830e+02  0.997061444600 -0.000000000000 -0.076605976866  0.000000000000  1.000000000000 -0.000000000000  0.076605976866  0.000000000000  0.997061444600 
3.75195  1.633433e+01  1.821551e-307  2.425240e+02  8.457944e+00  1.315318e-307  1.091578e+02  0.997019682114 -0.000000000000 -0.077147608365  0.000000000000  1.000000000000 -0.000000000000  0.077147608365  0.000000000000  0.997019682114 
4.00195  1.849885e+01  2.158273e-307  2.701791e+02  8.854869e+00  1.381022e-307  1.120084e+02  0.996976081128 -0.000000000000 -0.077709032027  0.000000000000  1.000000000000 -0.000000000000  0.077709032027  0.000000000000  0.996976081128 
4.25195  2.075643e+01  2.513052e-307  2.984957e+02  9.202924e+00  1.460939e-307  1.144432e+02  0.996892877147 -0.000000000000 -0.078769229359  0.000000000000  1.000000000000 -0.000000000000  0.078769229359  0.000000000000  0.996892877147 
4.50195  2.309799e+01  2.890110e-307  3.273774e+02  9.530862e+00  1.558937e-307  1.165385e+02  0.996753476179 -0.000000000000 -0.080514021919  0.000000000000  1.000000000000 -0.000000000000  0.080514021919  0.000000000000  0.996753476179 
4.75195  2.552143e+01  3.293188e-307  3.567450e+02  9.860909e+00  1.667159e-307  1.183415e+02  0.996567897053 -0.000000000000 -0.082779384898  0.000000000000  1.000000000000 -0.000000000000  0.082779384898  0.000000000000  0.996567897053 
5.00195  2.802879e+01  3.723197e-307  3.865305e+02  1.020501e+01  1.772551e-307  1.199051e+02  0.996366266357 -0.000000000000 -0.085171962913  0.000000000000  1.000000000000 -0.000000000000  0.085171962913  0.000000000000  0.996366266357 
5.25195  3.062417e+01  4.177963e-307  4.166793e+02  1.056439e+01  1.863543e-307  1.212418e+02  0.996188767143 -0.000000000000 -0.087223507256  0.000000000000  1.000000000000 -0.000000000000  0.087223507256  0.000000000000  0.996188767143 
5.50195  3.331072e+01  4.653525e-307  4.471394e+02  1.092895e+01  1.939526e-307  1.224033e+02  0.996080577776 -0.000000000000 -0.088450452675  0.000000000000  1.000000000000 -0.000000000000  0.088450452675  0.000000000000  0.996080577776 
5.75195  3.608576e+01  5.147040e-307  4.778711e+02  1.126783e+01  2.009098e-307  1.234225e+02  0.996043147876 -0.000000000000 -0.088870960216  0.000000000000  1.000000000000 -0.000000000000  0.088870960216  0.000000000000  0.996043147876 
6.00195  3.894049e+01  5.657725e-307  5.088422e+02  1.156743e+01  2.075794e-307  1.243366e+02  0.996037714929 -0.000000000000 -0.088931830287  0.000000000000  1.000000000000 -0.000000000000  0.088931830287  0.000000000000  0.996037714929 
6.25195  4.186577e+01  6.185974e-307  5.400291e+02  1.183384e+01  2.154924e-307  1.251416e+02  0.995997976503 -0.000000000000 -0.089375784199  0.000000000000  1.000000000000 -0.000000000000  0.089375784199  0.000000000000  0.995997976503 
6.50195  4.485646e+01  6.736783e-307  5.714068e+02  1.209489e+01  2.254753e-307  1.258632e+02  0.995906056771 -0.000000000000 -0.090394281269  0.000000000000  1.000000000000 -0.000000000000  0.090394281269  0.000000000000  0.995906056771 
6.75195  4.791394e+01  7.313578e-307  6.029573e+02  1.237037e+01  2.359540e-307  1.265269e+02  0.995777066189 -0.000000000000 -0.091804326981  0.000000000000  1.000000000000 -0.000000000000  0.091804326981  0.000000000000  0.995777066189 
7.00195  5.104261e+01  7.915461e-307  6.346658e+02  1.266579e+01  2.454100e-307  1.271419e+02  0.995647320691 -0.000000000000 -0.093200927043  0.000000000000  1.000000000000 -0.000000000000  0.093200927043  0.000000000000  0.995647320691 
7.25195  5.424620e+01  8.539047e-307  6.665228e+02  1.296501e+01  2.533200e-307  1.277024e+02  0.995544516676 -0.000000000000 -0.094292710829  0.000000000000  1.000000000000 -0.000000000000  0.094292710829  0.000000000000  0.995544516676 
7.50195  5.752387e+01  9.181453e-307  6.985160e+02  1.325656e+01  2.606914e-307  1.282322e+02  0.995467770892 -0.000000000000 -0.095099511644  0.000000000000  1.000000000000 -0.000000000000  0.095099511644  0.000000000000  0.995467770892 
7.75195  6.087288e+01  9.843003e-307  7.306385e+02  1.353594e+01  2.688221e-307  1.287386e+02  0.995393989425 -0.000000000000 -0.095868690495  0.000000000000  1.000000000000 -0.000000000000  0.095868690495  0.000000000000  0.995393989425 
8.00195  6.429086e+01  1.052645e-306  7.628848e+02  1.381232e+01  2.782405e-307  1.292382e+02  0.995301078779 -0.000000000000 -0.096828521526  0.000000000000  1.000000000000 -0.000000000000  0.096828521526  0.000000000000  0.995301078779 
8.25195  6.777839e+01  1.123438e-306  7.952530e+02  1.409172e+01  2.881888e-307  1.297022e+02  0.995186056631 -0.000000000000 -0.098003636093  0.000000000000  1.000000000000 -0.000000000000  0.098003636093  0.000000000000  0.995186056631 
8.50195  7.120595e+01  1.193581e-306  8.264145e+02  1.299630e+01  2.648910e-307  1.163464e+02  0.995063400491 -0.000000000000 -0.099241266633  0.000000000000  1.000000000000 -0.000000000000  0.099241266633  0.000000000000  0.995063400491 
8.75195  7.429517e+01  1.256216e-306  8.535674e+02  1.176246e+01  2.371198e-307  1.015680e+02  0.994942319518 -0.000000000000 -0.100447901088  0.000000000000  1.000000000000 -0.000000000000  0.100447901088  0.000000000000  0.994942319518 
9.00195  7.711199e+01  1.312680e-306  8.774132e+02  1.079616e+01  2.151046e-307  8.966109e+01  0.994814645509 -0.000000000000 -0.101704577477  0.000000000000  1.000000000000 -0.000000000000  0.101704577477  0.000000000000  0.994814645509 
9.25195  7.971269e+01  1.364212e-306  8.985565e+02  1.003098e+01  1.976478e-307  7.985191e+01  0.994667348657 -0.000000000000 -0.103135180789  0.000000000000  1.000000000000 -0.000000000000  0.103135180789  0.000000000000  0.994667348657 
9.50195  8.214079e+01  1.411810e-306  9.174474e+02  9.409708e+00  1.835019e-307  7.155725e+01  0.994490566870 -0.000000000000 -0.104826105557  0.000000000000  1.000000000000 -0.000000000000  0.104826105557  0.000000000000  0.994490566870 
9.75195  8.442780e+01  1.456196e-306  9.344159e+02  8.898490e+00  1.718568e-307  6.441219e+01  0.994278385756 -0.000000000000 -0.106819902730  0.000000000000  1.000000000000 -0.000000000000  0.106819902730  0.000000000000  0.994278385756 
10.002  8.659810e+01  1.497916e-306  9.497149e+02  8.470514e+00  1.620267e-307  5.814782e+01  0.994027367544 -0.000000000000 -0.109131079780  0.000000000000  1.000000000000 -0.000000000000  0.109131079780  0.000000000000  0.994027367544 
10.252  8.866967e+01  1.537367e-306  9.635398e+02  8.107240e+00  1.537247e-307  5.260036e+01  0.993728142903 -0.000000000000 -0.111822976179  0.000000000000  1.000000000000 -0.000000000000  0.111822976179  0.000000000000  0.993728142903 
10.502  9.065614e+01  1.574887e-306  9.760520e+02  7.789069e+00  1.465425e-307  4.761966e+01  0.993349327165 -0.000000000000 -0.115139542389  0.000000000000  1.000000000000 -0.000000000000  0.115139542389  0.000000000000  0.993349327165 
10.752  9.256804e+01  1.610725e-306  9.873791e+02  7.509988e+00  1.402384e-307  4.310051e+01  0.992861826944 -0.000000000000 -0.119270250259  0.000000000000  1.000000000000 -0.000000000000  0.119270250259  0.000000000000  0.992861826944 
11.002  9.441449e+01  1.645076e-306  9.976256e+02  7.263518e+00  1.345892e-307  3.895526e+01  0.992243204305 -0.000000000000 -0.124311799561  0.000000000000  1.000000000000 -0.000000000000  0.124311799561  0.000000000000  0.992243204305 
11.252  9.620309e+01  1.678089e-306  1.006876e+03  7.048236e+00  1.295542e-307  3.513007e+01  0.991473593438 -0.000000000000 -0.130307764600  0.000000000000  1.000000000000 -0.000000000000  0.130307764600  0.000000000000  0.991473593438 
11.502  9.794114e+01  1.709907e-306  1.015204e+03  6.858668e+00  1.250201e-307  3.156329e+01  0.990534060375 -0.000000000000 -0.137267167371  0.000000000000  1.000000000000 -0.000000000000  0.137267167371  0.000000000000  0.990534060375 
11.752  9.963463e+01  1.740654e-306  1.022670e+03  6.691339e+00  1.209947e-307  2.821995e+01  0.989402880263 -0.000000000000 -0.145196213891  0.000000000000  1.000000000000 -0.000000000000  0.145196213891  0.000000000000  0.989402880263 
12.002  1.012887e+02  1.770474e-306  1.029323e+03  6.542504e+00  1.175845e-307  2.505611e+01  0.988054342812 -0.000000000000 -0.154105858583  0.000000000000  1.000000000000 -0.000000000000  0.154105858583  0.000000000000  0.988054342812 
12.252  1.029077e+02  1.799559e-306  1.035206e+03  6.411181e+00  1.151660e-307  2.205077e+01  0.986457018084 -0.000000000000 -0.164019972786  0.000000000000  1.000000000000 -0.000000000000  0.164019972786  0.000000000000  0.986457018084 
12.502  1.044958e+02  1.828248e-306  1.040354e+03  6.294571e+00  1.144716e-307  1.917631e+01  0.984575083962 -0.000000000000 -0.174962578972  0.000000000000  1.000000000000 -0.000000000000  0.174962578972  0.000000000000  0.984575083962 
12.752  1.060563e+02  1.857165e-306  1.044797e+03  6.191131e+00  1.170679e-307  1.641114e+01  0.982366548284 -0.000000000000 -0.186965143308  0.000000000000  1.000000000000 -0.000000000000  0.186965143308  0.000000000000  0.982366548284 
13.002  1.075925e+02  1.887519e-306  1.048561e+03  6.099506e+00  1.260942e-307  1.373402e+01  0.979784700835 -0.000000000000 -0.200054842507  0.000000000000  1.000000000000 -0.000000000000  0.200054842507  0.000000000000  0.979784700835 
13.252  1.091073e+02  1.921673e-306  1.051666e+03  6.019767e+00  1.476081e-307  1.113183e+01  0.976779161743 -0.000000000000 -0.214248615361  0.000000000000  1.000000000000 -0.000000000000  0.214248615361  0.000000000000  0.976779161743 
13.502  1.106035e+02  1.964144e-306  1.054127e+03  5.951584e+00  1.926217e-307  8.587700e+00  0.973302279865 -0.000000000000 -0.229527061607  0.000000000000  1.000000000000 -0.000000000000  0.229527061607  0.000000000000  0.973302279865 
13.752  1.120846e+02  2.022330e-306  1.055958e+03  5.899925e+00  2.695076e-307  6.086947e+00  0.969322574000 -0.000000000000 -0.245792081917  0.000000000000  1.000000000000 -0.000000000000  0.245792081917 -0.000000000000  0.969322574000 
14.002  1.135551e+02  2.104010e-306  1.057168e+03  5.866203e+00  3.785845e-307  3.614130e+00  0.964859517159 -0.000000000000 -0.262766269046  0.000000000000  1.000000000000 -0.000000000000  0.262766269046 -0.000000000000  0.964859517159 
14.252  1.150188e+02  2.218900e-306  1.057762e+03  5.844768e+00  5.344362e-307  1.158444e+00  0.959940383040 -0.000000000000 -0.280204320113  0.000000000000  1.000000000000 -0.000000000000  0.280204320113 -0.000000000000  0.959940383040 
14.502  1.164780e+02  2.385697e-306  1.057743e+03  5.829110e+00  8.030518e-307 -1.286663e+00  0.954577420630 -0.000000000000 -0.297962997741  0.000000000000  1.000000000000 -0.000000000000  0.297962997741 -0.000000000000  0.954577420630 
14.752  1.179334e+02  2.662249e-306  1.057115e+03  5.814263e+00  1.443592e-306 -3.718522e+00  0.948746539565 -0.000000000000 -0.316037978199  0.000000000000  1.000000000000 -0.000000000000  0.316037978199 -0.000000000000  0.948746539565 
15.002  1.193851e+02  3.229471e-306  1.055881e+03  5.799545e+00  3.195692e-306 -6.128443e+00  0.942380045764 -0.000000000000 -0.334544241240  0.000000000000  1.000000000000 -0.000000000000  0.334544241240 -0.000000000000  0.942380045764 
15.252  1.208334e+02  4.592269e-306  1.054049e+03  5.786878e+00  7.947155e-306 -8.506154e+00  0.935370265334 -0.000000000000 -0.353669996930  0.000000000000  1.000000000000 -0.000000000000  0.353669996930 -0.000000000000  0.935370265334 
15.502  1.222671e+02  1.400632e-305  1.051660e+03  5.510817e+00  1.535946e-304 -1.009919e+01  0.931984034099 -0.000000000000 -0.362499324393  0.000000000000  1.000000000000 -0.000000000000  0.362499324393  0.000000000000  0.931984034099 
15.752  1.235623e+02  1.409609e-304  1.049111e+03  4.872076e+00  8.444181e-304 -1.028429e+01  0.970536583749  0.000000000000 -0.240953812183 -0.000000000000  1.000000000000 -0.000000000000  0.240953812183  0.000000000000  0.970536583749 
16.002  1.247157e+02  4.743986e-304  1.046520e+03  4.371733e+00  1.800514e-303 -1.042691e+01  0.999886850554  0.000000000000  0.015042808560 -0.000000000000  1.000000000000 -0.000000000000 -0.015042808560  0.000000000000  0.999886850554 
16.252  1.257556e+02  1.000521e-303  1.043897e+03  3.950390e+00  2.385322e-303 -1.055186e+01  0.947658786894  0.000000000000  0.319284862814 -0.000000000000  1.000000000000 -0.000000000000 -0.319284862814  0.000000000000  0.947658786894 
16.502  1.266965e+02  1.391465e-303  1.041246e+03  3.588913e+00  6.905676e-304 -1.064883e+01  0.831151126613  0.000000000000  0.556046585036 -0.000000000000  1.000000000000 -0.000000000000 -0.556046585036  0.000000000000  0.831151126613 
16.752  1.275573e+02  6.035317e-304  1.038575e+03  3.307295e+00 -7.020581e-303 -1.071637e+01  0.745703228856  0.000000000000  0.666278241033 -0.000000000000  1.000000000000  0.000000000000 -0.666278241033 -0.000000000000  0.745703228856 
17.002  1.283560e+02 -3.577186e-303  1.035890e+03  3.080506e+00 -2.641806e-302 -1.075574e+01  0.763578310998  0.000000000000  0.645715233654 -0.000000000000  1.000000000000  0.000000000000 -0.645715233654 -0.000000000000  0.763578310998 
17.252  1.291047e+02 -1.488769e-302  1.033197e+03  2.915815e+00 -6.397313e-302 -1.078950e+01  0.874224253942  0.000000000000  0.485522351513 -0.000000000000  1.000000000000  0.000000000000 -0.485522351513 -0.000000000000  0.874224253942 
17.502  1.298176e+02 -3.751401e-302  1.030496e+03  2.792916e+00 -1.170024e-301 -1.081285e+01  0.982639808561  0.000000000000  0.185523601281 -0.000000000000  1.000000000000  0.000000000000 -0.185523601281 -0.000000000000  0.982639808561 
17.752  1.305075e+02 -7.060715e-302  1.027791e+03  2.740453e+00 -1.487199e-301 -1.082750e+01  0.984158346564  0.000000000000 -0.177291705640 -0.000000000000  1.000000000000  0.000000000000  0.177291705640 -0.000000000000  0.984158346564 
18.002  1.311920e+02 -9.556819e-302  1.025083e+03  2.745270e+00 -5.240751e-302 -1.082696e+01  0.883172262376  0.000000000000 -0.469048776749 -0.000000000000  1.000000000000  0.000000000000  0.469048776749 -0.000000000000  0.883172262376 
18.252  1.318791e+02 -5.527376e-302  1.022375e+03  2.753056e+00  3.707515e-301 -1.083293e+01  0.788692844367  0.000000000000 -0.614787440701 -0.000000000000  1.000000000000 -0.000000000000  0.614787440701  0.000000000000  0.788692844367 
18.502  1.325693e+02  1.694008e-301  1.019667e+03  2.770734e+00  1.417156e-300 -1.083589e+01  0.790222893282  0.000000000000 -0.612819532108 -0.000000000000  1.000000000000 -0.000000000000  0.612819532108  0.000000000000  0.790222893282 
18.752  1.332651e+02  7.785408e-301  1.016958e+03  2.796648e+00  3.438284e-300 -1.083686e+01  0.886133421816  0.000000000000 -0.463430209137 -0.000000000000  1.000000000000 -0.000000000000  0.463430209137  0.000000000000  0.886133421816 
19.002  1.339682e+02  1.999603e-300  1.014248e+03  2.832130e+00  6.322580e-300 -1.083005e+01  0.985220468216  0.000000000000 -0.171291065174 -0.000000000000  1.000000000000 -0.000000000000  0.171291065174  0.000000000000  0.985220468216 
19.252  1.346775e+02  3.796521e-300  1.011540e+03  2.833183e+00  8.073122e-300 -1.083525e+01  0.982628119270  0.000000000000  0.185585503800 -0.000000000000  1.000000000000 -0.000000000000 -0.185585503800  0.000000000000  0.982628119270 
19.502  1.353830e+02  5.175754e-300  1.008831e+03  2.813276e+00  2.957748e-300 -1.083688e+01  0.881195395539  0.000000000000  0.472752234136 -0.000000000000  1.000000000000 -0.000000000000 -0.472752234136  0.000000000000  0.881195395539 
19.752  1.360853e+02  3.070662e-300  1.006122e+03  2.806786e+00 -1.964575e-299 -1.083476e+01  0.788603529621  0.000000000000  0.614902002818 -0.000000000000  1.000000000000  0.000000000000 -0.614902002818 -0.000000000000  0.788603529621 
20.002  1.367872e+02 -8.891835e-300  1.003413e+03  2.801448e+00 -7.567904e-299 -1.082698e+01  0.793523425750  0.000000000000  0.608539705184 -0.000000000000  1.000000000000  0.000000000000 -0.608539705184 -0.000000000000  0.793523425750 
20.252  1.374886e+02 -4.140571e-299  1.000707e+03  2.809214e+00 -1.835410e-298 -1.082791e+01  0.892187559480  0.000000000000  0.451665095739 -0.000000000000  1.000000000000  0.000000000000 -0.451665095739 -0.000000000000  0.892187559480 
20.502  1.381917e+02 -1.064151e-298  9.979997e+02  2.815693e+00 -3.354128e-298 -1.082825e+01  0.988671194997  0.000000000000  0.150097528903 -0.000000000000  1.000000000000  0.000000000000 -0.150097528903 -0.000000000000  0.988671194997 
20.752  1.388996e+02 -2.012702e-298  9.952923e+02  2.858224e+00 -4.246973e-298 -1.083015e+01  0.977012448130  0.000000000000 -0.213182260515 -0.000000000000  1.000000000000  0.000000000000  0.213182260515 -0.000000000000  0.977012448130 
21.002  1.396225e+02 -2.722668e-298  9.925847e+02  2.931598e+00 -1.451954e-298 -1.082339e+01  0.865632001762  0.000000000000 -0.500680774072 -0.000000000000  1.000000000000  0.000000000000  0.500680774072 -0.000000000000  0.865632001762 
21.252  1.403623e+02 -1.562066e-298  9.898788e+02  2.985210e+00  1.065029e-297 -1.082360e+01  0.768512040878  0.000000000000 -0.639835324928 -0.000000000000  1.000000000000 -0.000000000000  0.639835324928  0.000000000000  0.768512040878 
21.502  1.411144e+02  4.847068e-298  9.871731e+02  3.031058e+00  4.039179e-297 -1.082235e+01  0.775278809220  0.000000000000 -0.631619163716 -0.000000000000  1.000000000000 -0.000000000000  0.631619163716  0.000000000000  0.775278809220 
21.752  1.418772e+02  2.215636e-297  9.844675e+02  3.071041e+00  9.764439e-297 -1.082214e+01  0.880418101998  0.000000000000 -0.474198234575 -0.000000000000  1.000000000000 -0.000000000000  0.474198234575  0.000000000000  0.880418101998 
22.002  1.426495e+02  5.674058e-297  9.817620e+02  3.109301e+00  1.789339e-296 -1.081369e+01  0.985546028717  0.000000000000 -0.169407866641 -0.000000000000  1.000000000000 -0.000000000000  0.169407866641  0.000000000000  0.985546028717 
22.252  1.434274e+02  1.073763e-296  9.790581e+02  3.103087e+00  2.269334e-296 -1.081663e+01  0.979593792416  0.000000000000  0.200987566433 -0.000000000000  1.000000000000 -0.000000000000 -0.200987566433  0.000000000000  0.979593792416 
22.502  1.441989e+02  1.456616e-296  9.763537e+02  3.070020e+00  7.966689e-297 -1.081787e+01  0.868467628180  0.000000000000  0.495745881278 -0.000000000000  1.000000000000 -0.000000000000 -0.495745881278  0.000000000000  0.868467628180 
22.752  1.449631e+02  8.542421e-297  9.736494e+02  3.044610e+00 -5.567452e-296 -1.081658e+01  0.768503939472  0.000000000000  0.639845055476 -0.000000000000  1.000000000000  0.000000000000 -0.639845055476 -0.000000000000  0.768503939472 
23.002  1.457217e+02 -2.510259e-296  9.709456e+02  3.015348e+00 -2.123965e-295 -1.080771e+01  0.773240130330  0.000000000000  0.634113318617 -0.000000000000  1.000000000000  0.000000000000 -0.634113318617 -0.000000000000  0.773240130330 
23.252  1.464736e+02 -1.162725e-295  9.682435e+02  3.000328e+00 -5.145985e-295 -1.080863e+01  0.879105910330  0.000000000000  0.476626476838 -0.000000000000  1.000000000000  0.000000000000 -0.476626476838 -0.000000000000  0.879105910330 
23.502  1.472221e+02 -2.990063e-295  9.655412e+02  2.988432e+00 -9.442778e-295 -1.081016e+01  0.985669314063  0.000000000000  0.168689072894 -0.000000000000  1.000000000000  0.000000000000 -0.168689072894 -0.000000000000  0.985669314063 
23.752  1.479712e+02 -5.673671e-295  9.628385e+02  3.015323e+00 -1.206516e-294 -1.081169e+01  0.978299640123  0.000000000000 -0.207195111271 -0.000000000000  1.000000000000  0.000000000000  0.207195111271 -0.000000000000  0.978299640123 
24.002  1.487319e+02 -7.740661e-295  9.601357e+02  3.077371e+00 -4.530329e-295 -1.080348e+01  0.862161317234  0.000000000000 -0.506633855033 -0.000000000000  1.000000000000  0.000000000000  0.506633855033 -0.000000000000  0.862161317234 
24.252  1.495069e+02 -4.697444e-295  9.574347e+02  3.121847e+00  2.862739e-294 -1.080392e+01  0.757357330818  0.000000000000 -0.653000668802 -0.000000000000  1.000000000000 -0.000000000000  0.653000668802  0.000000000000  0.757357330818 
24.502  1.502922e+02  1.275683e-294  9.547339e+02  3.160417e+00  1.103534e-293 -1.080305e+01  0.760452274086  0.000000000000 -0.649393824145 -0.000000000000  1.000000000000 -0.000000000000  0.649393824145  0.000000000000  0.760452274086 
24.752  1.510867e+02  6.030118e-294  9.520334e+02  3.194632e+00  2.687560e-293 -1.080143e+01  0.869091166949  0.000000000000 -0.494651941805 -0.000000000000  1.000000000000 -0.000000000000  0.494651941805  0.000000000000  0.869091166949 
25.002  1.518892e+02  1.561127e-293  9.493329e+02  3.228847e+00  4.973509e-293 -1.079299e+01  0.982456997085  0.000000000000 -0.186489272824 -0.000000000000  1.000000000000 -0.000000000000  0.186489272824  0.000000000000  0.982456997085 
25.252  1.526969e+02  2.982017e-293  9.466341e+02  3.221244e+00  6.414047e-293 -1.079729e+01  0.980795669497  0.000000000000  0.195038085244 -0.000000000000  1.000000000000 -0.000000000000 -0.195038085244  0.000000000000  0.980795669497 
25.502  1.534975e+02  4.107265e-293  9.439347e+02  3.184905e+00  2.593894e-293 -1.079743e+01  0.864790754282  0.000000000000  0.502132404160 -0.000000000000  1.000000000000 -0.000000000000 -0.502132404160  0.000000000000  0.864790754282 
25.752  1.542901e+02  2.602645e-293  9.412353e+02  3.156902e+00 -1.450141e-292 -1.079615e+01  0.755950967956  0.000000000000  0.654628241100 -0.000000000000  1.000000000000  0.000000000000 -0.654628241100 -0.000000000000  0.755950967956 
26.002  1.550765e+02 -6.360714e-293  9.385365e+02  3.125793e+00 -5.689598e-292 -1.078888e+01  0.755536725065  0.000000000000  0.655106294489 -0.000000000000  1.000000000000  0.000000000000 -0.655106294489 -0.000000000000  0.755536725065 
26.252  1.558558e+02 -3.098806e-292  9.358394e+02  3.109061e+00 -1.394730e-291 -1.078946e+01  0.864559503243  0.000000000000  0.502530462114 -0.000000000000  1.000000000000  0.000000000000 -0.502530462114 -0.000000000000  0.864559503243 
26.502  1.566313e+02 -8.096803e-292  9.331420e+02  3.095651e+00 -2.595127e-291 -1.078979e+01  0.981172344459  0.000000000000  0.193134229148 -0.000000000000  1.000000000000  0.000000000000 -0.193134229148 -0.000000000000  0.981172344459 
26.752  1.574066e+02 -1.556916e-291  9.304443e+02  3.118196e+00 -3.393089e-291 -1.079146e+01  0.980968281335  0.000000000000 -0.194168048388 -0.000000000000  1.000000000000  0.000000000000  0.194168048388 -0.000000000000  0.980968281335 
27.002  1.581930e+02 -2.168408e-291  9.277464e+02  3.179843e+00 -1.513953e-291 -1.078442e+01  0.861174113388  0.000000000000 -0.508310088854 -0.000000000000  1.000000000000  0.000000000000  0.508310088854 -0.000000000000  0.861174113388 
27.252  1.589935e+02 -1.447281e-291  9.250504e+02  3.223980e+00  7.216885e-291 -1.078359e+01  0.746289056033  0.000000000000 -0.665621998469 -0.000000000000  1.000000000000 -0.000000000000  0.665621998469  0.000000000000  0.746289056033 
27.502  1.598044e+02  3.100423e-291  9.223545e+02  3.262272e+00  2.898891e-290 -1.078260e+01  0.741944921804  0.000000000000 -0.670460836298 -0.000000000000  1.000000000000 -0.000000000000  0.670460836298  0.000000000000  0.741944921804 
27.752  1.606242e+02  1.573336e-290  9.196590e+02  3.296290e+00  7.173437e-290 -1.078209e+01  0.852166864721  0.000000000000 -0.523270135466 -0.000000000000  1.000000000000 -0.000000000000  0.523270135466  0.000000000000  0.852166864721 
28.002  1.614522e+02  4.160781e-290  9.169636e+02  3.330982e+00  1.351297e-289 -1.077247e+01  0.976339386287  0.000000000000 -0.216243850280 -0.000000000000  1.000000000000 -0.000000000000  0.216243850280  0.000000000000  0.976339386287 
28.252  1.622859e+02  8.086293e-290  9.142698e+02  3.327451e+00  1.794268e-289 -1.077688e+01  0.984345505906  0.000000000000  0.176249609938 -0.000000000000  1.000000000000 -0.000000000000 -0.176249609938  0.000000000000  0.984345505906 
28.502  1.631130e+02  1.143043e-289  9.115753e+02  3.290451e+00  8.816688e-290 -1.077840e+01  0.866004039912  0.000000000000  0.500037001487 -0.000000000000  1.000000000000 -0.000000000000 -0.500037001487  0.000000000000  0.866004039912 
28.752  1.639319e+02  8.081280e-290  9.088809e+02  3.261846e+00 -3.527507e-289 -1.077681e+01  0.746000487569  0.000000000000  0.665945397572 -0.000000000000  1.000000000000  0.000000000000 -0.665945397572 -0.000000000000  0.746000487569 
29.002  1.647445e+02 -1.473396e-289  9.061871e+02  3.229972e+00 -1.464423e-288 -1.076865e+01  0.735917251702  0.000000000000  0.677071487103 -0.000000000000  1.000000000000  0.000000000000 -0.677071487103 -0.000000000000  0.735917251702 
29.252  1.655498e+02 -7.905893e-289  9.034949e+02  3.212885e+00 -3.664044e-288 -1.076916e+01  0.845062686366  0.000000000000  0.534667238674 -0.000000000000  1.000000000000  0.000000000000 -0.534667238674 -0.000000000000  0.845062686366 
29.502  1.663512e+02 -2.122435e-288  9.008025e+02  3.199131e+00 -6.966593e-288 -1.077052e+01  0.973418537767  0.000000000000  0.229033513557 -0.000000000000  1.000000000000  0.000000000000 -0.229033513557 -0.000000000000  0.973418537767 
29.752  1.671517e+02 -4.169295e-288  8.981098e+02  3.216319e+00 -9.432848e-288 -1.077107e+01  0.985659825144  0.000000000000 -0.168744508346 -0.000000000000  1.000000000000  0.000000000000  0.168744508346 -0.000000000000  0.985659825144 
30.002  1.679626e+02 -5.989758e-288  8.954169e+02  3.278184e+00 -5.167030e-288 -1.076419e+01  0.865052771360  0.000000000000 -0.501680877413 -0.000000000000  1.000000000000  0.000000000000  0.501680877413 -0.000000000000  0.865052771360 
30.252  1.687878e+02 -4.506090e-288  8.927258e+02  3.322802e+00  1.686948e-287 -1.076463e+01  0.737854057927  0.000000000000 -0.674960287128 -0.000000000000  1.000000000000 -0.000000000000  0.674960287128  0.000000000000  0.737854057927 
30.502  1.696234e+02  6.784236e-288  8.900350e+02  3.361450e+00  7.299620e-287 -1.076232e+01  0.721294200029  0.000000000000 -0.692628816181 -0.000000000000  1.000000000000 -0.000000000000  0.692628816181  0.000000000000  0.721294200029 
30.752  1.704681e+02  3.917638e-287  8.873444e+02  3.395766e+00  1.852372e-286 -1.076165e+01  0.829624727068  0.000000000000 -0.558321423767 -0.000000000000  1.000000000000 -0.000000000000  0.558321423767  0.000000000000  0.829624727068 
31.002  1.713210e+02  1.071295e-286  8.846540e+02  3.431331e+00  3.579136e-286 -1.075367e+01  0.966098137171  0.000000000000 -0.258175113739 -0.000000000000  1.000000000000 -0.000000000000  0.258175113739  0.000000000000  0.966098137171 
31.252  1.721805e+02  2.135875e-286  8.819651e+02  3.433838e+00  4.948774e-286 -1.075681e+01  0.989609368664  0.000000000000  0.143782117987 -0.000000000000  1.000000000000 -0.000000000000 -0.143782117987  0.000000000000  0.989609368664 
31.502  1.730343e+02  3.128833e-286  8.792755e+02  3.396557e+00  2.994388e-286 -1.075848e+01  0.872596076236  0.000000000000  0.488442512213 -0.000000000000  1.000000000000 -0.000000000000 -0.488442512213  0.000000000000  0.872596076236 
31.752  1.738796e+02  2.507402e-286  8.765861e+02  3.367280e+00 -7.883454e-286 -1.075720e+01  0.739486155273  0.000000000000  0.673171765718 -0.000000000000  1.000000000000  0.000000000000 -0.673171765718 -0.000000000000  0.739486155273 
32.002  1.747185e+02 -3.010067e-286  8.738972e+02  3.335174e+00 -3.604593e-285 -1.074979e+01  0.714653948457  0.000000000000  0.699478186905 -0.000000000000  1.000000000000  0.000000000000 -0.699478186905 -0.000000000000  0.714653948457 
32.252  1.755500e+02 -1.919321e-285  8.712098e+02  3.317662e+00 -9.295997e-285 -1.074913e+01  0.819777240806  0.000000000000  0.572682525887 -0.000000000000  1.000000000000  0.000000000000 -0.572682525887 -0.000000000000  0.819777240806 
32.502  1.763776e+02 -5.364545e-285  8.685224e+02  3.303504e+00 -1.819901e-284 -1.075029e+01  0.960829925991  0.000000000000  0.277138689684 -0.000000000000  1.000000000000  0.000000000000 -0.277138689684 -0.000000000000  0.960829925991 
32.752  1.772034e+02 -1.085702e-284  8.658347e+02  3.313852e+00 -2.578763e-284 -1.075200e+01  0.991669246635  0.000000000000 -0.128810346161 -0.000000000000  1.000000000000  0.000000000000  0.128810346161 -0.000000000000  0.991669246635 
33.002  1.780386e+02 -1.623524e-284  8.631467e+02  3.375333e+00 -1.732994e-284 -1.074410e+01  0.874742582444  0.000000000000 -0.484587881049 -0.000000000000  1.000000000000  0.000000000000  0.484587881049 -0.000000000000  0.874742582444 
33.252  1.788882e+02 -1.388505e-284  8.604606e+02  3.420704e+00  3.573243e-284 -1.074466e+01  0.733643117139  0.000000000000 -0.679534970899 -0.000000000000  1.000000000000 -0.000000000000  0.679534970899  0.000000000000  0.733643117139 
33.502  1.797483e+02  1.264975e-284  8.577746e+02  3.459899e+00  1.753765e-283 -1.074346e+01  0.699506614791  0.000000000000 -0.714626123133 -0.000000000000  1.000000000000 -0.000000000000  0.714626123133  0.000000000000  0.699506614791 
33.752  1.806177e+02  9.251530e-284  8.550890e+02  3.494653e+00  4.612217e-283 -1.074136e+01  0.801032357271  0.000000000000 -0.598621050920 -0.000000000000  1.000000000000 -0.000000000000  0.598621050920  0.000000000000  0.801032357271 
34.002  1.814953e+02  2.654725e-283  8.524036e+02  3.531598e+00  9.209492e-283 -1.073338e+01  0.949992534517  0.000000000000 -0.312272612249 -0.000000000000  1.000000000000 -0.000000000000  0.312272612249  0.000000000000  0.949992534517 
34.252  1.823807e+02  5.477252e-283  8.497197e+02  3.541357e+00  1.338795e-282 -1.073781e+01  0.995399076333  0.000000000000  0.095815859000 -0.000000000000  1.000000000000 -0.000000000000 -0.095815859000  0.000000000000  0.995399076333 
34.502  1.832615e+02  8.385256e-283  8.470351e+02  3.504583e+00  9.875758e-283 -1.073855e+01  0.885253906701  0.000000000000  0.465108074183 -0.000000000000  1.000000000000 -0.000000000000 -0.465108074183  0.000000000000  0.885253906701 
34.752  1.841337e+02  7.640815e-283  8.443505e+02  3.474368e+00 -1.564050e-282 -1.073740e+01  0.738063645178  0.000000000000  0.674731098784 -0.000000000000  1.000000000000 -0.000000000000 -0.674731098784 -0.000000000000  0.738063645178 
35.002  1.849993e+02 -4.932265e-283  8.416665e+02  3.441305e+00 -8.441566e-282 -1.073045e+01  0.692952025747  0.000000000000  0.720983696080 -0.000000000000  1.000000000000  0.000000000000 -0.720983696080 -0.000000000000  0.692952025747 
35.252  1.858573e+02 -4.401414e-282  8.389840e+02  3.423293e+00 -2.270745e-281 -1.072905e+01  0.788368533655  0.000000000000  0.615203263274 -0.000000000000  1.000000000000  0.000000000000 -0.615203263274 -0.000000000000  0.788368533655 
35.502  1.867112e+02 -1.302507e-281  8.363016e+02  3.408677e+00 -4.610164e-281 -1.072998e+01  0.941419886186  0.000000000000  0.337236708994 -0.000000000000  1.000000000000  0.000000000000 -0.337236708994 -0.000000000000  0.941419886186 
35.752  1.875626e+02 -2.740338e-281  8.336189e+02  3.411314e+00 -6.896632e-281 -1.073175e+01  0.997376131473  0.000000000000 -0.072393731549 -0.000000000000  1.000000000000  0.000000000000  0.072393731549 -0.000000000000  0.997376131473 
36.002  1.884217e+02 -4.298721e-281  8.309359e+02  3.471335e+00 -5.599107e-281 -1.072376e+01  0.890820356720  0.000000000000 -0.454355688919 -0.000000000000  1.000000000000  0.000000000000  0.454355688919 -0.000000000000  0.890820356720 
36.252  1.892955e+02 -4.175306e-281  8.282547e+02  3.517731e+00  6.497400e-281 -1.072460e+01  0.735578890048  0.000000000000 -0.677439072180 -0.000000000000  1.000000000000  0.000000000000  0.677439072180  0.000000000000  0.735578890048 
36.502  1.901800e+02  1.665103e-281  8.255737e+02  3.557662e+00  3.994699e-280 -1.072343e+01  0.678185882046  0.000000000000 -0.734890406383 -0.000000000000  1.000000000000 -0.000000000000  0.734890406383  0.000000000000  0.678185882046 
36.752  1.910739e+02  2.052881e-280  8.228931e+02  3.592978e+00  1.103828e-279 -1.072208e+01  0.766328754614  0.000000000000 -0.642448628181 -0.000000000000  1.000000000000 -0.000000000000  0.642448628181  0.000000000000  0.766328754614 
37.002  1.919761e+02  6.305287e-280  8.202127e+02  3.631290e+00  2.293397e-279 -1.071355e+01  0.925854958596  0.000000000000 -0.377879075423 -0.000000000000  1.000000000000 -0.000000000000  0.377879075423  0.000000000000  0.925854958596 
37.252  1.928870e+02  1.358925e-279  8.175338e+02  3.648768e+00  3.533344e-279 -1.071785e+01  0.999536984190  0.000000000000  0.030427244983 -0.000000000000  1.000000000000 -0.000000000000 -0.030427244983  0.000000000000  0.999536984190 
37.502  1.937953e+02  2.190031e-279  8.148540e+02  3.614319e+00  3.118367e-279 -1.072004e+01  0.904276741574  0.000000000000  0.426946805407 -0.000000000000  1.000000000000 -0.000000000000 -0.426946805407  0.000000000000  0.904276741574 
37.752  1.946948e+02  2.260156e-279  8.121743e+02  3.582874e+00 -2.516555e-279 -1.071791e+01  0.743870966714  0.000000000000  0.668323263758 -0.000000000000  1.000000000000 -0.000000000000 -0.668323263758 -0.000000000000  0.743870966714 
38.002  1.955874e+02 -4.016677e-280  8.094951e+02  3.548692e+00 -1.865001e-278 -1.071096e+01  0.672873259383  0.000000000000  0.739757782525 -0.000000000000  1.000000000000  0.000000000000 -0.739757782525 -0.000000000000  0.672873259383 
38.252  1.964722e+02 -9.415691e-279  8.068175e+02  3.530042e+00 -5.317697e-278 -1.071040e+01  0.751181078071  0.000000000000  0.660096195980 -0.000000000000  1.000000000000  0.000000000000 -0.660096195980 -0.000000000000  0.751181078071 
38.502  1.973527e+02 -3.021464e-278  8.041400e+02  3.514868e+00 -1.127443e-277 -1.070978e+01  0.912951542356  0.000000000000  0.408067986136 -0.000000000000  1.000000000000  0.000000000000 -0.408067986136 -0.000000000000  0.912951542356 
38.752  1.982301e+02 -6.674704e-278  8.014623e+02  3.509889e+00 -1.793449e-277 -1.071149e+01  0.999997576461  0.000000000000  0.002201606741 -0.000000000000  1.000000000000  0.000000000000 -0.002201606741 -0.000000000000  0.999997576461 
39.002  1.991130e+02 -1.105911e-277  7.987843e+02  3.565280e+00 -1.723655e-277 -1.070483e+01  0.913189470998  0.000000000000 -0.407535262351 -0.000000000000  1.000000000000  0.000000000000  0.407535262351 -0.000000000000  0.913189470998 
39.252  2.000104e+02 -1.212462e-277  7.961081e+02  3.613088e+00  8.531876e-278 -1.070494e+01  0.745974191937  0.000000000000 -0.665974853102 -0.000000000000  1.000000000000  0.000000000000  0.665974853102  0.000000000000  0.745974191937 
39.502  2.009189e+02 -3.126243e-279  7.934319e+02  3.654025e+00  8.532904e-277 -1.070376e+01  0.659900899839  0.000000000000 -0.751352648489 -0.000000000000  1.000000000000 -0.000000000000  0.751352648489  0.000000000000  0.659900899839 
39.752  2.018370e+02  4.211488e-277  7.907562e+02  3.690096e+00  2.526972e-276 -1.070240e+01  0.726399284812  0.000000000000 -0.687272929064 -0.000000000000  1.000000000000 -0.000000000000  0.687272929064  0.000000000000  0.726399284812 
40.002  2.027636e+02  1.426409e-276  7.880808e+02  3.730332e+00  5.501737e-276 -1.069357e+01  0.891510617185  0.000000000000 -0.452999800714 -0.000000000000  1.000000000000 -0.000000000000  0.452999800714  0.000000000000  0.891510617185 
40.252  2.036996e+02  3.246076e-276  7.854068e+02  3.754737e+00  9.040009e-276 -1.069774e+01  0.998560261481  0.000000000000 -0.053641440984 -0.000000000000  1.000000000000 -0.000000000000  0.053641440984  0.000000000000  0.998560261481 
40.502  2.046356e+02  5.542851e-276  7.827320e+02  3.725914e+00  9.354671e-276 -1.070039e+01  0.928957568831  0.000000000000  0.370186217075 -0.000000000000  1.000000000000 -0.000000000000 -0.370186217075  0.000000000000  0.928957568831 
40.752  2.055628e+02  6.433159e-276  7.800571e+02  3.692883e+00 -2.154986e-276 -1.069856e+01  0.759268079642  0.000000000000  0.650777983060 -0.000000000000  1.000000000000 -0.000000000000 -0.650777983060 -0.000000000000  0.759268079642 
41.002  2.064827e+02  1.334960e-276  7.773827e+02  3.657711e+00 -3.833304e-275 -1.069180e+01  0.657463650495  0.000000000000  0.753486262833 -0.000000000000  1.000000000000  0.000000000000 -0.753486262833 -0.000000000000  0.657463650495 
41.252  2.073947e+02 -1.838235e-275  7.747099e+02  3.638222e+00 -1.187340e-274 -1.069085e+01  0.709680429502  0.000000000000  0.704523731313 -0.000000000000  1.000000000000  0.000000000000 -0.704523731313 -0.000000000000  0.709680429502 
41.502  2.083022e+02 -6.647592e-275  7.720374e+02  3.622351e+00 -2.648341e-274 -1.068974e+01  0.873423851401  0.000000000000  0.486960753864 -0.000000000000  1.000000000000  0.000000000000 -0.486960753864 -0.000000000000  0.873423851401 
