0.00195312  0.000000e+00  0.000000e+00  0.000000e+00  0.000000e+00  0.000000e+00  0.000000e+00  0.998750260395  0.000000000000 -0.049979169271  0.000000000000  1.000000000000  0.000000000000  0.049979169271 -0.000000000000  0.998750260395 
0.126953  8.172200e-02 -1.127223e-04  1.785116e+00  1.522999e+00  1.013189e-03  3.135671e+01  0.998784579301  0.000915792338 -0.049280071785 -0.000909958341  0.999999576073  0.000140819411  0.049280179855 -0.000095805444  0.998784989222 
0.251953  3.607670e-01  9.627002e-05  7.445563e+00  2.818698e+00  1.207443e-03  5.879338e+01  0.999193309475  0.001017296790 -0.040145926415 -0.001018760154  0.999999480936 -0.000015993370  0.040145889306  0.000056879538  0.999193827211 
0.376953  7.580406e-01 -6.631002e-05  1.682443e+01  3.201881e+00 -3.862930e-03  8.034800e+01  0.999703664516  0.005259766042 -0.023768004025 -0.005262433098  0.999986152070 -0.000049665371  0.023767413659  0.000174728185  0.999717499856 
0.501953  1.129589e+00 -3.682031e-04  2.818229e+01  3.177794e+00 -1.541309e-03  1.083390e+02  0.999550568779  0.010411562803 -0.028111560149 -0.010418834862  0.999945716170 -0.000112220318  0.028108865757  0.000405059586  0.999604785699 
0.626953  1.543141e+00 -2.039796e-04  4.257674e+01  3.141662e+00 -7.746907e-04  1.192480e+02  0.999678507407  0.015654460344 -0.019945418016 -0.015662218736  0.999877312823 -0.000232820701  0.019939326287  0.000545135351  0.999801043255 
0.751953  1.941212e+00 -2.244624e-04  5.914795e+01  3.060584e+00  1.164718e-03  1.315859e+02  0.999559732477  0.021456171165 -0.020493265455 -0.021453462982  0.999769786007  0.000352014914  0.020496100510  0.000087791579  0.999789929013 
0.876953  2.288447e+00 -1.792464e-04  7.555819e+01  2.878632e+00  3.615414e-03  1.409717e+02  0.999451022767  0.026280277872 -0.020174243086 -0.026280812083  0.999654571311  0.000238690220  0.020173547169  0.000291636307  0.999796450755 
1.00195  2.649084e+00 -1.230228e-04  9.449843e+01  2.667838e+00  2.569128e-03  1.502245e+02  0.999357579748  0.031374530983 -0.017322430726 -0.031377675001  0.999507595445  0.000090326452  0.017316735033  0.000453269177  0.999849951360 
1.12695  2.982947e+00  1.199904e-04  1.145080e+02  2.457784e+00  3.723259e-03  1.617400e+02  0.999231306782  0.036126630777 -0.015220449903 -0.036129707819  0.999347106318  0.000072847436  0.015213144300  0.000477118969  0.999884159590 
1.25195  3.262350e+00  1.739005e-04  1.323643e+02  2.267294e+00 -1.165947e-02  1.523468e+02  0.999090352875  0.040509936529 -0.013319603369 -0.040510314690  0.999179091090  0.000241520846  0.013318453182  0.000298280177  0.999911260980 
1.37695  3.543132e+00 -1.096366e-03  1.520742e+02  2.056347e+00 -1.307333e-02  1.537821e+02  0.998915195388  0.044961674326 -0.012119416869 -0.044959569355  0.998988707650  0.000446219653  0.012127223379  0.000099148171  0.999926457607 
1.50195  3.796338e+00 -2.382079e-03  1.722245e+02  1.848711e+00 -1.292118e-02  1.537401e+02  0.998706572605  0.049626060066 -0.011065080140 -0.049624687726  0.998767856607  0.000398718134  0.011071233185  0.000150898726  0.999938700634 
1.62695  4.003658e+00 -3.527038e-03  1.901578e+02  1.672276e+00 -1.406629e-02  1.620811e+02  0.998502551992  0.053776106130 -0.010039127202 -0.053774659157  0.998553010344  0.000414205286  0.010046875036  0.000126265608  0.999949520905 
1.75195  4.208670e+00 -5.349018e-03  2.086173e+02  1.490158e+00 -1.694244e-02  1.417231e+02  0.998260563671  0.058186203777 -0.009498037093 -0.058185665669  0.998305723354  0.000333210145  0.009501333024  0.000220019064  0.999954837111 
1.87695  4.390513e+00 -7.270023e-03  2.282927e+02  1.317545e+00 -2.188307e-02  1.424265e+02  0.998016340776  0.062366583740 -0.008590272168 -0.062368023683  0.998053214783  0.000100418084  0.008579811486  0.000435539409  0.999963097889 
2.00195  4.536851e+00 -9.853538e-03  2.444252e+02  1.164972e+00 -2.708500e-02  1.440173e+02  0.997785336251  0.066034610108 -0.007990809165 -0.066034214202  0.997817310018  0.000313660947  0.007994080184  0.000214700511  0.999968023782 
2.12695  4.677074e+00 -1.345316e-02  2.619768e+02  9.969818e-01 -3.546812e-02  1.397253e+02  0.997514458848  0.070097265891 -0.007160845162 -0.070095486927  0.997540161247  0.000499411873  0.007178238044  0.000003772365  0.999974236110 
2.25195  4.795303e+00 -1.796273e-02  2.781843e+02  8.260034e-01 -3.519018e-02  1.361852e+02  0.997239339631  0.073975915593 -0.006423659735 -0.073972841011  0.997259999813  0.000715238705  0.006458969345 -0.000238087814  0.999979112296 
2.37695  4.883343e+00 -2.195592e-02  2.918450e+02  6.644932e-01 -3.144912e-02  1.098969e+02  0.996987326258  0.077319888092 -0.006156799960 -0.077317330340  0.997006321130  0.000652729880  0.006188837480 -0.000174736081  0.999980833695 
2.50195  4.958876e+00 -2.607940e-02  3.049683e+02  4.940407e-01 -2.571601e-02  9.740048e+01  0.996714602291  0.080812569656 -0.005415733225 -0.080812563016  0.996729291772  0.000220415722  0.005415832302  0.000217967714  0.999985310517 
2.62695  5.014627e+00 -2.942346e-02  3.171132e+02  3.649264e-01 -2.550369e-02  7.883172e+01  0.996412626507  0.084531589196 -0.004035860012 -0.084530261054  0.996420787681  0.000498841495  0.004063582677 -0.000155899664  0.999991731461 
2.75195  5.052519e+00 -3.214337e-02  3.272033e+02  2.774050e-01 -2.597409e-02  1.121964e+02  0.996147466722  0.087599947332 -0.004058789383 -0.087598222596  0.996155705726  0.000601122029  0.004095844461 -0.000243263450  0.999991582405 
2.87695  5.083508e+00 -3.586428e-02  3.354540e+02  2.054942e-01 -2.714892e-02  5.436457e+01  0.995863301888  0.090825539861 -0.002646745499 -0.090825103416  0.995866818120  0.000284879185  0.002661680324 -0.000043309792  0.999996456785 
3.00195  5.106248e+00 -3.889222e-02  3.415949e+02  1.473404e-01 -1.971474e-02  1.238876e+01  0.995499467866  0.094717182411 -0.003076497230 -0.094717124158  0.995504213542  0.000164956383  0.003078290159  0.000127182978  0.999995253966 
3.12695  5.120948e+00 -4.159447e-02  3.506254e+02  1.012373e-01 -2.721105e-02  5.923481e+01  0.995227498380  0.097571589827 -0.001418212579 -0.097571168491  0.995228483802  0.000363467540  0.001446909660 -0.000223356232  0.999998928282 
3.25195  5.132106e+00 -4.518146e-02  3.566289e+02  7.360752e-02 -3.046371e-02  4.100256e+01  0.994932497847  0.100529019375 -0.001800275584 -0.100531004980  0.994933373537 -0.001048456140  0.001685753993  0.001224126600  0.999997829871 
3.37695  5.139865e+00 -4.971730e-02  3.631238e+02  4.181359e-02 -3.776054e-02  3.631954e+01  0.994656555002  0.103218175980 -0.002084643677 -0.103217431290  0.994658709527  0.000461995935  0.002121195368 -0.000244355719  0.999997720408 
3.50195  5.143725e+00 -5.397309e-02  3.691967e+02  2.630312e-02 -3.342627e-02  3.522936e+01  0.994370428023  0.105959595570  0.000126409670 -0.105959659008  0.994370175074  0.000711045762 -0.000050355885 -0.000720437204  0.999999739217 
3.62695  5.146566e+00 -5.861629e-02  3.728002e+02  1.889436e-02 -3.918503e-02  5.374439e+00  0.994035947455  0.109052824893 -0.000128650709 -0.109052888080  0.994034570699 -0.001655251177 -0.000052626564  0.001659408903  0.999998621795 
3.75195  5.148731e+00 -6.509396e-02  3.766192e+02  4.368916e-03 -5.974739e-02  2.283711e+00  0.993693635203  0.112092141029 -0.002882928602 -0.112094460865  0.993697339259 -0.000655586774  0.002791272356  0.000974612732  0.999995629455 
3.87695  5.147430e+00 -7.224600e-02  3.802733e+02 -2.509875e-02 -5.548649e-02 -2.856075e-01  0.993411455167  0.114596011713 -0.001197849085 -0.114592242164  0.993408533491  0.002846686312  0.001516172401 -0.002690666580  0.999995230756 
4.00195  5.144284e+00 -7.722881e-02  3.880712e+02 -1.433479e-02 -1.968728e-02 -2.880021e+00  0.993320656783  0.115331646640  0.003561473147 -0.115338222112  0.993324825037  0.001698965709 -0.003341755178 -0.002098391715  0.999992214682 
4.12695  5.144710e+00 -7.962461e-02  3.901929e+02  2.427581e-02 -2.706525e-02 -5.269509e+00  0.994567573762  0.104053235808  0.002874950147 -0.104042109513  0.994565704439 -0.003781402195 -0.003252793952  0.003461744129  0.999988717766 
4.25195  5.147765e+00 -8.393616e-02  3.915806e+02  2.716940e-02 -4.932129e-02 -7.290836e+00  0.995187431446  0.097945846019 -0.002930450418 -0.097961365638  0.995173731778 -0.005728387324  0.002355235535  0.005987889992  0.999979298805 
4.37695  5.150155e+00 -9.162693e-02  3.973263e+02  4.787259e-03 -6.922848e-02 -9.372009e+00  0.996190696890  0.086902960725 -0.007209080905 -0.086903272810  0.996216717377  0.000270542319  0.007205317843  0.000356980983  0.999973977641 
4.50195  5.149673e+00 -1.000506e-01  3.974190e+02 -9.984547e-03 -5.807285e-02 -8.112070e+00  0.997300881089  0.073262004372 -0.004861203084 -0.073221863655  0.997283772277  0.007977232346  0.005432426980 -0.007599754498  0.999956365282 
4.62695  5.148576e+00 -1.057712e-01  4.021851e+02 -9.021276e-03 -3.974849e-02 -9.793593e+00  0.998871743263  0.047444914479  0.002054410049 -0.047462398932  0.998827667670  0.009518980191 -0.001600374397 -0.009605747567  0.999952583084 
4.75195  5.147976e+00 -1.098976e-01  4.050608e+02  1.475745e-04 -2.980886e-02  2.714179e+01  0.997894614092  0.064120827281  0.009739541815 -0.064169370241  0.997927689609  0.004755863223 -0.009414408577 -0.005370830560  0.999941259820 
4.87695  5.148947e+00 -1.138588e-01  4.081633e+02  1.437007e-02 -3.267756e-02 -9.070439e-01  0.999621763958  0.025128280974  0.011175800538 -0.025104759061  0.999682316116 -0.002240071060 -0.011228539301  0.001958658004  0.999935039672 
5.00195  5.150592e+00 -1.176669e-01  4.081175e+02  1.911333e-02 -3.304383e-02 -2.361316e+00  0.999897345748  0.012735839766  0.006564781180 -0.012681114099  0.999885047247 -0.008311536397 -0.006669880937  0.008227434443  0.999943909432 
5.12695  5.153268e+00 -1.220576e-01  4.100363e+02  1.999115e-02 -3.710600e-02 -3.899776e+00  0.999875268022  0.015749972454 -0.001177610236 -0.015762563789  0.999808687825 -0.011581421856  0.000994977870  0.011598539439  0.999932239655 
5.25195  5.156201e+00 -1.269689e-01  4.115450e+02  2.291486e-02 -4.093058e-02 -5.385693e+00  0.999807676238 -0.018366178559 -0.006877064806  0.018294372516  0.999778941474 -0.010362630921  0.007065866502  0.010234826356  0.999922657939 
5.37695  5.158648e+00 -1.318753e-01  4.132831e+02  1.975953e-02 -4.517884e-02 -6.690000e+00  0.998952866230 -0.044913872939 -0.008712925396  0.044862035666  0.998974832958 -0.006056473656  0.008976012880  0.005659252148  0.999943700444 
5.50195  5.161319e+00 -1.370920e-01  4.131703e+02  2.525631e-02 -4.087433e-02 -8.094486e+00  0.998732552812 -0.049966443825 -0.006053300368  0.049971846461  0.998750349342  0.000744479685  0.006008536855 -0.001046030693  0.999981401479 
5.62695  5.164780e+00 -1.423001e-01  4.158010e+02  2.768049e-02 -4.186748e-02 -9.464273e+00  0.998554713597 -0.053738132681  0.000834895148  0.053730121786  0.998525699452  0.007713724625 -0.001248185419 -0.007657717066  0.999969900248 
5.75195  5.168121e+00 -1.470790e-01  4.180487e+02  3.131390e-02 -4.029298e-02 -2.628097e-01  0.998597497307 -0.051917430702  0.010373946309  0.051777460052  0.998569625150  0.013334105080 -0.011051380153 -0.012778267371  0.999857281256 
5.87695  5.172576e+00 -1.525598e-01  4.170787e+02  3.755397e-02 -4.538891e-02 -1.571836e+00  0.998229358954 -0.054853666137  0.023004830650  0.054420785104  0.998336558916  0.019039256322 -0.024010936479 -0.017753603688  0.999554042804 
6.00195  5.177523e+00 -1.585114e-01  4.199556e+02  3.616371e-02 -4.757976e-02 -2.868903e+00  0.997206696675 -0.064687577141  0.037340614225  0.063825030664  0.997676116541  0.023848101469 -0.038796514892 -0.021398220640  0.999017991122 
6.12695  5.181913e+00 -1.643144e-01  4.174790e+02  3.851277e-02 -4.755003e-02 -4.034751e+00  0.995724242732 -0.076780165535  0.051361840080  0.075406602664  0.996754903679  0.028169243262 -0.053358005122 -0.024175776548  0.998282753090 
6.25195  5.186976e+00 -1.703717e-01  4.189440e+02  3.518376e-02 -4.617078e-02 -5.307658e+00  0.993467346335 -0.091508576024  0.068182199138  0.089475076353  0.995464836328  0.032310529946 -0.070829672292 -0.025998848970  0.997149546144 
6.37695  5.191593e+00 -1.761684e-01  4.195759e+02  3.676385e-02 -4.702233e-02 -6.581222e+00  0.990533585442 -0.106851204965  0.086174451606  0.104029246110  0.993900156671  0.036611398808 -0.089560773031 -0.027300156895  0.995607136057 
6.50195  5.195998e+00 -1.815549e-01  4.173090e+02  3.843490e-02 -4.314214e-02 -7.734775e+00  0.987396144009 -0.120308675407  0.102833250544  0.116712872125  0.992346967037  0.040318761044 -0.106896961023 -0.027808625165  0.993881139820 
6.62695  5.201145e+00 -1.873638e-01  4.164445e+02  3.990129e-02 -4.489926e-02 -8.997247e+00  0.983428048095 -0.134986518967  0.121028566536  0.130478066752  0.990453404878  0.044469392418 -0.125875924296 -0.027940874402  0.991652438720 
6.75195  5.205818e+00 -1.931055e-01  4.196604e+02  3.483752e-02 -4.389373e-02  8.435522e-01  0.978756443719 -0.150463011614  0.139272057551  0.144938146676  0.988223927945  0.049055090215 -0.145012956374 -0.027827151740  0.989038367360 
6.87695  5.209496e+00 -1.985303e-01  4.180957e+02  2.531569e-02 -4.915558e-02 -2.835185e-01  0.973799145078 -0.165918472942  0.155519405160  0.159407803167  0.985760551093  0.053528386842 -0.162186242740 -0.027334890617  0.986381481183 
7.00195  5.211985e+00 -2.045842e-01  4.199082e+02  1.107714e-02 -4.699547e-02 -1.510451e+00  0.967435306473 -0.186093377739  0.171575588447  0.178477225465  0.982177535706  0.058933592676 -0.179484839971 -0.026392103309  0.983406655003 
7.12695  5.212628e+00 -2.112968e-01  4.164816e+02 -4.059111e-03 -5.242256e-02 -2.715991e+00  0.959768357970 -0.211608523532  0.184571210673  0.202646466506  0.977000932766  0.066359528229 -0.194368486780 -0.026287071783  0.980576300552 
7.25195  5.211316e+00 -2.176168e-01  4.168081e+02 -2.469139e-02 -5.163189e-02 -3.786253e+00  0.950977852803 -0.241912032221  0.192664714321  0.231417404933  0.969914431801  0.075577640066 -0.205151427418 -0.027286693660  0.978349798476 
7.37695  5.206732e+00 -2.245897e-01  4.158189e+02 -5.288179e-02 -5.358504e-02 -4.936714e+00  0.938120140963 -0.285610304607  0.195850338325  0.272899136451  0.957854954212  0.089665757206 -0.213205681077 -0.030669864587  0.976525830156 
7.50195  5.197754e+00 -2.320165e-01  4.135205e+02 -9.464872e-02 -6.161486e-02 -6.054125e+00  0.919955839235 -0.342651357117  0.190450259449  0.327057819151  0.938693033895  0.109034724053 -0.216135228018 -0.038018884560  0.975622943368 
7.62695  5.184457e+00 -2.400494e-01  4.117381e+02 -1.400438e-01 -7.488910e-02 -7.041477e+00  0.895967400780 -0.407979043394  0.175486514842  0.389267376981  0.911626485777  0.131939606062 -0.213806749094 -0.049902410575  0.975600545029 
7.75195  5.163072e+00 -2.501940e-01  4.124493e+02 -1.983095e-01 -8.736784e-02 -8.081897e+00  0.857121727376 -0.494951714681  0.142706498081  0.472967558529  0.865940891070  0.162628600659 -0.204068696862 -0.071896963134  0.976312856442 
7.87695  5.133608e+00 -2.630639e-01  4.084401e+02 -2.646020e-01 -1.159016e-01 -9.080548e+00  0.800457459607 -0.593000078549  0.087285521134  0.569806665015  0.798023447456  0.196160500140 -0.185979084480 -0.107282263916  0.976679218569 
8.00195  5.098843e+00 -2.783667e-01  4.053804e+02 -3.368245e-01 -1.524147e-01 -9.959258e+00  0.754683793033 -0.655562931070  0.026260539603  0.636239773394  0.741036435293  0.214625143725 -0.160160304958 -0.145266117780  0.976343398473 
8.12695  5.051184e+00 -3.018352e-01  4.060440e+02 -4.086366e-01 -2.225043e-01 -1.325319e+00  0.728136335017 -0.684179998043 -0.041415068576  0.674822140761  0.704965227957  0.218263844258 -0.120135573277 -0.186873640861  0.975010608345 
8.25195  4.995182e+00 -3.366134e-01  4.043028e+02 -4.651813e-01 -3.327674e-01 -2.212224e+00  0.732777713325 -0.672503216813 -0.103808700168  0.677345261375  0.706278386895  0.205850035457 -0.065116969726 -0.221156649419  0.973061928487 
8.37695  4.938313e+00 -3.819560e-01  4.030871e+02 -5.057889e-01 -4.543034e-01 -2.980479e+00  0.749983042716 -0.641664598486 -0.160598812850  0.661453447531  0.728339573805  0.178887679788  0.002184579680 -0.240391364821  0.970673590519 
8.50195  4.872555e+00 -4.502274e-01  3.995797e+02 -5.018620e-01 -6.235338e-01 -3.787895e+00  0.732758109414 -0.632904520680 -0.249994841528  0.671943114091  0.730999746629  0.118877339534  0.107508160218 -0.255090646892  0.960921826870 
8.62695  4.812398e+00 -5.411590e-01  3.985060e+02 -4.064664e-01 -8.000742e-01 -4.548700e+00  0.670220985148 -0.649874353030 -0.358423152631  0.700179285931  0.713808741394  0.015034901504  0.246074782578 -0.261037173568  0.933438158313 
8.75195  4.773632e+00 -6.430037e-01  3.927937e+02 -2.243123e-01 -9.456528e-01 -5.118990e+00  0.597716912287 -0.662461664528 -0.451529662146  0.704594088738  0.702762746901 -0.098344759308  0.382467858626 -0.259362804965  0.886819751990 
8.87695  4.759936e+00 -7.717281e-01  3.912521e+02  4.013767e-02 -1.052918e+00 -5.530384e+00  0.523285300184 -0.664836530631 -0.533071179253  0.669345791771  0.707828456695 -0.225732334705  0.527398052376 -0.238686538020  0.815401760434 
9.00195  4.782190e+00 -9.111473e-01  3.912034e+02  3.357869e-01 -1.106990e+00 -5.703826e+00  0.471353741562 -0.661141326936 -0.583710370074  0.590521548798  0.728175037924 -0.347915815321  0.655064844669 -0.180702130485  0.733646228994 
9.12695  4.836307e+00 -1.040903e+00  3.872513e+02  6.199346e-01 -1.100390e+00 -5.672799e+00  0.469028513657 -0.653456834403 -0.594143432975  0.481753464868  0.753128552399 -0.448007793068  0.740220137840 -0.076102228175  0.668043859640 
9.25195  4.934475e+00 -1.180000e+00  3.870181e+02  9.308845e-01 -1.040083e+00 -5.499343e+00  0.559313257174 -0.620781468597 -0.549362401876  0.332624906815  0.775092684937 -0.537207595929  0.759295299416  0.117735712526  0.640006992368 
9.37695  5.072239e+00 -1.306883e+00  3.833978e+02  1.226800e+00 -9.018935e-01 -5.283466e+00  0.773880604820 -0.489530170649 -0.401832081233  0.199645620246  0.790685538967 -0.578755565662  0.601041126547  0.367663692104  0.709628757667 
9.50195  5.228097e+00 -1.402355e+00  3.814967e+02  1.437945e+00 -6.906059e-01 -5.158905e+00  0.971772700747 -0.208441198912 -0.110499251941  0.127662803359  0.858484967915 -0.496694844448  0.198393615627  0.468567846165  0.860862443610 
9.62695  5.416305e+00 -1.474106e+00  3.789666e+02  1.421328e+00 -4.248713e-01 -5.110880e+00  0.943616907137  0.098639368740  0.316002227048 -0.054818724688  0.987956788434 -0.144693785667 -0.326469049051  0.119212663428  0.937660013486 
9.75195  5.589740e+00 -1.526593e+00  3.763240e+02  1.268748e+00 -4.224453e-01 -4.872650e+00  0.845382798141  0.196399148155  0.496744702247 -0.363919722511  0.892501538110  0.266464706929 -0.391011969349 -0.406039873750  0.825978971131 
9.87695  5.734477e+00 -1.580608e+00  3.749160e+02  1.208195e+00 -5.191539e-01 -4.502583e+00  0.846934389311  0.333264871779  0.414290556783 -0.501348497599  0.760034902445  0.413517389018 -0.177064463279 -0.557926045551  0.810781538727 
10.002  5.890485e+00 -1.656757e+00  3.708920e+02  1.223403e+00 -6.842192e-01 -4.187739e+00  0.839161004111  0.523307217947  0.148183551129 -0.543881792052  0.806818560490  0.230730159978  0.001185518705 -0.274214088067  0.961667940846 
10.127  6.050360e+00 -1.749823e+00  3.689242e+02  1.273456e+00 -6.738117e-01 -4.014333e+00  0.860179481569  0.455668870271 -0.229035237800 -0.502457484304  0.834110938683 -0.227586068193  0.087336910609  0.310845335553  0.946439349040 
10.252  6.204848e+00 -1.816552e+00  3.682890e+02  1.378206e+00 -4.426893e-01 -3.710581e+00  0.903447179786  0.141002388188 -0.404847526684 -0.323803472739  0.843340507476 -0.428868394141  0.280952850812  0.518550976256  0.807570666038 
10.377  6.392144e+00 -1.859536e+00  3.642172e+02  1.557091e+00 -2.155450e-01 -3.334653e+00  0.944027274535 -0.118375921802 -0.307895511614  0.048516594672  0.973067249442 -0.225358088616  0.326280010077  0.197806140452  0.924345220047 
10.502  6.604926e+00 -1.882621e+00  3.648402e+02  1.701747e+00 -1.953596e-01 -3.068022e+00  0.945625958666 -0.312501380005  0.090191095972  0.281312423181  0.924982751437  0.255480390847 -0.163263182811 -0.216217013758  0.962598221534 
10.627  6.801192e+00 -1.908276e+00  3.617366e+02  1.631283e+00 -2.408112e-01 -2.683445e+00  0.827677172649 -0.470301921503  0.306213325161  0.307099368617  0.836247708800  0.454290377756 -0.469723829149 -0.281967856603  0.836572562407 
10.752  7.005819e+00 -1.941032e+00  3.594053e+02  1.527817e+00 -2.763583e-01 -2.247938e+00  0.858625785492 -0.501583000311  0.105717804970  0.437918039080  0.824954090672  0.357321339037 -0.266438644976 -0.260509581556  0.927979098030 
10.877  7.200518e+00 -1.982277e+00  3.578082e+02  1.552775e+00 -3.570860e-01 -1.944166e+00  0.858675995328 -0.373581999192 -0.350873231989  0.357953359182  0.927105661486 -0.111105738340  0.366803663692 -0.030192421582  0.929808308191 
11.002  7.391312e+00 -2.021340e+00  3.548032e+02  1.721485e+00 -2.817359e-01 -1.586916e+00  0.868588740910 -0.140536917196 -0.475187304196 -0.097365427429  0.891845575696 -0.441736847742  0.485874029668  0.429954467376  0.760963588667 
11.127  7.623430e+00 -2.047059e+00  3.526249e+02  1.875862e+00 -8.511540e-02 -1.196955e+00  0.914655121159  0.357631219247 -0.188430147156 -0.403494734487  0.835922510092 -0.372055851133  0.024454213919  0.416333361792  0.908883118602 
11.252  7.865791e+00 -2.047937e+00  3.525987e+02  1.858747e+00  2.873899e-02 -9.288174e-01  0.816604202303  0.492423807869  0.301125173680 -0.537905779237  0.838437347847  0.087636672679 -0.209320207921 -0.233541446382  0.949549073707 
11.377  8.083425e+00 -2.047113e+00  3.512997e+02  1.862596e+00 -2.473915e-02 -6.032060e-01  0.824153411410  0.344289505696  0.449706449507 -0.510341319357  0.795767143435  0.326046608916 -0.245607190891 -0.498216207781  0.831539366529 
11.502  8.323205e+00 -2.054459e+00  3.486853e+02  1.848507e+00 -9.501331e-02 -2.614915e-01  0.911826597291  0.286886674023  0.293714645092 -0.327127794609  0.939940197956  0.097467072697 -0.248112197337 -0.184955293339  0.950911077335 
11.627  8.557917e+00 -2.065247e+00  3.471781e+02  1.814284e+00 -2.272802e-02 -2.901826e-02  0.982366062232  0.034109441752 -0.183829991454 -0.098971764536  0.929033608950 -0.356512472806  0.158623798969  0.368419732675  0.916026959743 
11.752  8.774638e+00 -2.060745e+00  3.453345e+02  1.905397e+00  1.089115e-01  2.205024e-01  0.845416893019 -0.356262746968 -0.397928551527  0.152637286586  0.875119310454 -0.459203714287  0.511832136292  0.327479843035  0.794219627474 
11.877  9.028892e+00 -2.039617e+00  3.439567e+02  2.059677e+00  2.182945e-01  4.246082e-01  0.814129693154 -0.556130773450 -0.167067069007  0.522077704118  0.826971898437 -0.208691998071  0.254219813523  0.082680360532  0.963605855313 
12.002  9.298435e+00 -2.007505e+00  3.406955e+02  2.079346e+00  2.766659e-01  5.268518e-01  0.770668650769 -0.560197931970  0.303723735882  0.508160266831  0.827860940264  0.237527696911 -0.384503542163 -0.028714815029  0.922676804446 
12.127  9.538652e+00 -1.973191e+00  3.405863e+02  2.010499e+00  3.068675e-01  6.997003e-01  0.789274533678 -0.443271149409  0.424919284793  0.234011037790  0.856922265972  0.459263610875 -0.567701105055 -0.263049269497  0.780077263569 
12.252  9.793497e+00 -1.934004e+00  3.379064e+02  1.946501e+00  2.807638e-01  8.642204e-01  0.989566643022 -0.099249045612  0.104438910199  0.048933144485  0.913320890437  0.404290116702 -0.135511646692 -0.394961489309  0.908648455440 
12.377  1.004609e+01 -1.902533e+00  3.365603e+02  2.007241e+00  2.241399e-01  9.120550e-01  0.888561912063  0.189646040120 -0.417722525007 -0.228249115762  0.972609952665 -0.043957037326  0.397944807210  0.134403346102  0.907510700197 
12.502  1.028718e+01 -1.873341e+00  3.349739e+02  2.116924e+00  2.915076e-01  1.007772e+00  0.776681387374  0.260449049818 -0.573526211220 -0.525156147447  0.770515013141 -0.361272245437  0.347817543126  0.581784244349  0.735221089007 
12.627  1.056605e+01 -1.829123e+00  3.335809e+02  2.214072e+00  4.074668e-01  1.118449e+00  0.762490257772  0.454217963905 -0.460754433585 -0.617371648685  0.723818452798 -0.308121883008  0.193548066903  0.519396658302  0.832325811893 
12.752  1.085655e+01 -1.769002e+00  3.317103e+02  2.307947e+00  5.175679e-01  1.105697e+00  0.839583181031  0.537912066097 -0.075833312446 -0.527622371687  0.840697735056  0.121827546834  0.129285401440 -0.062273007143  0.989650118757 
12.877  1.113015e+01 -1.710661e+00  3.293736e+02  2.355303e+00  4.664533e-01  1.116224e+00  0.931485407695  0.194987431656  0.307107207254 -0.317893539823  0.846734942052  0.426595399936 -0.176857661948 -0.494994787250  0.850706487577 
13.002  1.143346e+01 -1.654558e+00  3.296409e+02  2.333250e+00  3.998104e-01  1.194325e+00  0.892787585498 -0.233773347981  0.385071875049  0.102828920448  0.937997065766  0.331040356655 -0.438584701397 -0.255952195514  0.861470796552 
13.127  1.172918e+01 -1.603848e+00  3.278179e+02  2.250201e+00  4.103524e-01  1.172492e+00  0.881001333499 -0.468140182532  0.068420902298  0.472826941745  0.866176191141 -0.161782227272  0.016472204859  0.174881603948  0.984451670255 
13.252  1.199513e+01 -1.551067e+00  3.251409e+02  2.308380e+00  4.907182e-01  1.171127e+00  0.749720055987 -0.595610201490 -0.288389191081  0.403120102317  0.756658999489 -0.514743957322  0.524799028923  0.269658388286  0.807384872826 
13.377  1.229780e+01 -1.483809e+00  3.236815e+02  2.400401e+00  5.597510e-01  1.269089e+00  0.759299122375 -0.558632217940 -0.333758726986  0.284702421100  0.746374526060 -0.601555980993  0.585157563550  0.361739010792  0.725765467552 
13.502  1.261383e+01 -1.406364e+00  3.229215e+02  2.508163e+00  6.661422e-01  1.297051e+00  0.955582530663 -0.294346137040  0.014912367404  0.276811516329  0.878985950201 -0.388277070889  0.101180094485  0.375158701031  0.921422019229 
13.627  1.290799e+01 -1.322581e+00  3.216262e+02  2.483733e+00  7.566903e-01  1.256441e+00  0.914303757686 -0.043115953524  0.402727765660 -0.003210752193  0.993515108913  0.113654825815 -0.405016456150 -0.105208093379  0.908236162755 
13.752  1.322447e+01 -1.225983e+00  3.196218e+02  2.429194e+00  7.305940e-01  1.306574e+00  0.853416029585  0.220928537799  0.472092852767 -0.445614327254  0.779095483466  0.440951356716 -0.270386670888 -0.586686295075  0.763341495909 
13.877  1.353684e+01 -1.136924e+00  3.186225e+02  2.426506e+00  6.378579e-01  1.343875e+00  0.762726903148  0.599294784421  0.243091407869 -0.646587218666  0.699011305659  0.305463849284  0.013139249296 -0.390165293083  0.920651076251 
14.002  1.382233e+01 -1.066551e+00  3.173680e+02  2.442037e+00  5.884757e-01  1.281467e+00  0.728070600563  0.669873263667 -0.145543846384 -0.685281150705  0.716632673883 -0.129720296068  0.017405317711  0.194183988391  0.980810702209 
14.127  1.413817e+01 -9.851544e-01  3.146271e+02  2.460988e+00  6.808941e-01  1.279364e+00  0.839310900442  0.326356436470 -0.434797296190 -0.513890595657  0.737247097867 -0.438615061737  0.177408196245  0.591572643943  0.786491029093 
14.252  1.445860e+01 -8.904479e-01  3.157919e+02  2.522544e+00  8.012859e-01  1.318016e+00  0.906931582193 -0.025046041175 -0.420532758585 -0.105655481960  0.952804373987 -0.284606296562  0.407813712807  0.302550030131  0.861482126869 
14.377  1.475988e+01 -7.931815e-01  3.132187e+02  2.627102e+00  8.336550e-01  1.272461e+00  0.963017694479 -0.250180218875 -0.100033885274  0.265832667287  0.942754775929  0.201361429937  0.043930776483 -0.220506894557  0.974395605661 
14.502  1.509895e+01 -6.890489e-01  3.098781e+02  2.616189e+00  7.836447e-01  1.273774e+00  0.799058763086 -0.525879808719  0.291471302046  0.317836646478  0.780951945425  0.537674553139 -0.510377271526 -0.336993302187  0.791170370395 
14.627  1.543212e+01 -5.894683e-01  3.094375e+02  2.539406e+00  7.610719e-01  1.347259e+00  0.720805646397 -0.630113135593  0.288784792667  0.416904193569  0.726971433173  0.545622056679 -0.553741919587 -0.272891868151  0.786701922452 
14.752  1.572552e+01 -5.020108e-01  3.077479e+02  2.469781e+00  7.199255e-01  1.343300e+00  0.829575036393 -0.554855364045 -0.062775663952  0.547508455742  0.786153624535  0.286700138684 -0.109725794073 -0.272209484811  0.955961425212 
14.877  1.604541e+01 -4.132662e-01  3.051776e+02  2.530187e+00  6.738966e-01  1.296388e+00  0.833943479072 -0.307938754775 -0.457943224671  0.217309361961  0.946032435626 -0.240414791449  0.507262175722  0.100976997634  0.855855555004 
15.002  1.637847e+01 -3.241449e-01  3.050643e+02  2.649661e+00  7.289056e-01  1.328149e+00  0.880714302144  0.161472574935 -0.445273989296 -0.369520911263  0.822345495551 -0.432668674723  0.296304934382  0.545595540205  0.783918932269 
15.127  1.669336e+01 -2.330122e-01  3.047057e+02  2.713376e+00  8.396832e-01  1.318408e+00  0.778780851884  0.625001725405 -0.053602499750 -0.617724874080  0.749223303671 -0.238915091987 -0.109162102769  0.219174096273  0.969559874810 
15.252  1.704156e+01 -1.227636e-01  3.015889e+02  2.693371e+00  8.373215e-01  1.271968e+00  0.696054955762  0.585414112576  0.415689566089 -0.695397828031  0.693762303028  0.187391909290 -0.178687882433 -0.419504688525  0.889992391528 
15.377  1.739043e+01 -1.921544e-02  3.002320e+02  2.720991e+00  7.600057e-01  1.317622e+00  0.757287246997  0.355694498945  0.547720228727 -0.583235918179  0.745701176867  0.322126711970 -0.293856919745 -0.563392561399  0.772163798995 
15.502  1.770933e+01  6.615794e-02  2.983410e+02  2.710336e+00  6.956343e-01  1.348892e+00  0.873886454982  0.265406334725  0.407286068122 -0.318152544296  0.945713608489  0.066368134502 -0.367561453850 -0.187577312613  0.910886013416 
15.627  1.805505e+01  1.559739e-01  2.967274e+02  2.665064e+00  7.359138e-01  1.299558e+00  0.993662298358 -0.037740303108 -0.105881567529 -0.004475255058  0.927922480655 -0.372746350737  0.112317447056  0.370857842599  0.921872687343 
15.752  1.840329e+01  2.575884e-01  2.955759e+02  2.759753e+00  8.436493e-01  1.313450e+00  0.744122959208 -0.508825102766 -0.432871847519  0.275400091462  0.823998734073 -0.495157425339  0.608634382205  0.249245062219  0.753286856222 
15.877  1.873266e+01  3.607840e-01  2.943043e+02  2.876094e+00  9.179496e-01  1.337309e+00  0.624439132865 -0.716728862974 -0.310444047015  0.614242556576  0.696123106589 -0.371643245821  0.482474715440  0.041380641043  0.874931878210 
16.002  1.911174e+01  4.824424e-01  2.921359e+02  2.992043e+00  9.845933e-01  1.270496e+00  0.660444896538 -0.728958746807  0.180087989854  0.743665115503  0.668167747030 -0.022672843084 -0.103801419167  0.148899319281  0.983389169198 
16.127  1.949494e+01  6.143904e-01  2.918284e+02  2.941175e+00  1.064871e+00  1.269611e+00  0.695035670534 -0.509589053405  0.507192678708  0.401743408716  0.860298047149  0.313830373968 -0.596261394221 -0.014361988785  0.802661873419 
16.252  1.983687e+01  7.410100e-01  2.902349e+02  2.891762e+00  1.081570e+00  1.330580e+00  0.921181831095 -0.136341604482  0.364465363166 -0.029051462768  0.909900204849  0.413808687350 -0.388046448987 -0.391781296264  0.834222613771 
16.377  2.020902e+01  8.762144e-01  2.881489e+02  2.908738e+00  1.005342e+00  1.306024e+00  0.896206593782  0.374322898923 -0.238109446693 -0.332566004677  0.922091054352  0.197858383742  0.293621514531 -0.098134880782  0.950871153931 
16.502  2.059163e+01  1.005724e+00  2.864990e+02  3.032564e+00  1.027959e+00  1.308195e+00  0.649161946625  0.383734290483 -0.656762332478 -0.628404088036  0.757060485328 -0.178795200425  0.428598960794  0.528779174952  0.732595055227 
16.627  2.095208e+01  1.129942e+00  2.858813e+02  3.129977e+00  1.105899e+00  1.392010e+00  0.619049880174  0.364496665060 -0.695643175067 -0.691938774265  0.672119900499 -0.263582192158  0.371480791598  0.644513010353  0.668285119511 
16.752  2.136164e+01  1.278566e+00  2.842574e+02  3.246365e+00  1.205778e+00  1.416448e+00  0.751888053134  0.465132588526 -0.467243010269 -0.527778137178  0.849373929534 -0.003763740795  0.395113393181  0.249430557308  0.884120921373 
16.877  2.178947e+01  1.436015e+00  2.821186e+02  3.389341e+00  1.197964e+00  1.344730e+00  0.973282447706  0.191208240204  0.127124686293 -0.225262791579  0.902388719293  0.367357147777 -0.044474169102 -0.386178725684  0.921351203457 
17.002  2.218809e+01  1.572775e+00  2.800200e+02  3.405561e+00  1.133177e+00  1.364532e+00  0.825077209030 -0.336793237234  0.453671593218  0.144568322881  0.902038407783  0.406726825897 -0.546212045967 -0.269994492978  0.792940965396 
17.127  2.262385e+01  1.717419e+00  2.797891e+02  3.342771e+00  1.127239e+00  1.382082e+00  0.689606446712 -0.656445099824  0.305814943342  0.651456275617  0.746767911523  0.133949271286 -0.316303129312  0.106852783007  0.942621245862 
17.252  2.305250e+01  1.866313e+00  2.776001e+02  3.353219e+00  1.185969e+00  1.307061e+00  0.613702621152 -0.760785090302 -0.211128252880  0.702538057648  0.648218874942 -0.293687874666  0.360290674799  0.031911385790  0.932294102261 
17.377  2.345098e+01  2.006428e+00  2.765476e+02  3.458202e+00  1.207665e+00  1.319492e+00  0.608678755603 -0.624191316145 -0.489791152765  0.397844217541  0.774215904008 -0.492249644540  0.686462053611  0.104761323154  0.719579678787 
17.502  2.390520e+01  2.164603e+00  2.737354e+02  3.611605e+00  1.261154e+00  1.380924e+00  0.905251854120 -0.247695428342 -0.345204367572  0.059574152904  0.878455671019 -0.474095511854  0.420678025238  0.408610583359  0.809979870274 
17.627  2.437775e+01  2.334336e+00  2.730756e+02  3.695406e+00  1.381441e+00  1.337383e+00  0.946542733781  0.210180081203  0.244706327241 -0.184867285653  0.975105810861 -0.122444862366 -0.264350032762  0.070661100262  0.961834741049 
17.752  2.481002e+01  2.496963e+00  2.717166e+02  3.682094e+00  1.379749e+00  1.346026e+00  0.765830858968  0.274802699682  0.581366125346 -0.498878226962  0.824353314867  0.267510984692 -0.405738351793 -0.494899069018  0.768408290800 
17.877  2.528497e+01  2.671998e+00  2.706797e+02  3.692725e+00  1.323395e+00  1.425615e+00  0.703235511708  0.406408671595  0.583345358021 -0.660545818463  0.676950466997  0.324680284194 -0.262943029541 -0.613653042757  0.744507156669 
18.002  2.576216e+01  2.837324e+00  2.684777e+02  3.704897e+00  1.240387e+00  1.424633e+00  0.743720638852  0.613520958435  0.265464959846 -0.630686845237  0.775614452751 -0.025618819811 -0.221616142439 -0.148372013010  0.963780074066 
18.127  2.619469e+01  2.983346e+00  2.677188e+02  3.689850e+00  1.284843e+00  1.363999e+00  0.901684676994  0.340280861888 -0.266783954366 -0.424898395870  0.811682857718 -0.400789585286  0.080162936956  0.474741902005  0.876466787744 
18.252  2.667474e+01  3.156504e+00  2.651318e+02  3.779212e+00  1.418523e+00  1.386168e+00  0.827453209969 -0.323644287920 -0.458885127466  0.099251701885  0.888625854750 -0.447764659104  0.552693662878  0.324959174616  0.767418562355 
18.377  2.717077e+01  3.345092e+00  2.639827e+02  3.928212e+00  1.496165e+00  1.353600e+00  0.741423553988 -0.647981033951 -0.174389487161  0.658144056720  0.752891788768  0.000595826227  0.130910328837 -0.115215164128  0.984676572159 
18.502  2.763295e+01  3.520085e+00  2.625454e+02  3.937136e+00  1.499045e+00  1.317070e+00  0.658073520845 -0.711197217117  0.247260509439  0.572268318416  0.685833878209  0.449600782069 -0.489334459138 -0.154371013684  0.858324750450 
18.627  2.813831e+01  3.715436e+00  2.612138e+02  3.895140e+00  1.530868e+00  1.400251e+00  0.727400226027 -0.568791076875  0.383882302332  0.282829009509  0.758198310108  0.587488786217 -0.625217292273 -0.318766424545  0.712384239035 
18.752  2.863816e+01  3.912303e+00  2.594234e+02  3.859892e+00  1.506224e+00  1.447788e+00  0.981926937507 -0.179388380996  0.060326595809  0.139254545335  0.900662107147  0.411601676810 -0.128170437316 -0.395762021312  0.909365032033 
18.877  2.909245e+01  4.086307e+00  2.573855e+02  3.934149e+00  1.477030e+00  1.387249e+00  0.898059109466  0.128362142078 -0.420729124718 -0.185403481193  0.977821359160 -0.097421449032  0.398892698688  0.165494864123  0.901940167019 
19.002  2.960749e+01  4.281304e+00  2.563943e+02  4.066368e+00  1.569110e+00  1.415889e+00  0.735711381671  0.289157950830 -0.612467503098 -0.621420608768  0.647844871566 -0.440605775478  0.269379267721  0.704758612475  0.656315555403 
19.127  3.013776e+01  4.490878e+00  2.554333e+02  4.170783e+00  1.701184e+00  1.484426e+00  0.617428008215  0.550118143559 -0.562274561757 -0.774760709409  0.548965668868 -0.313659907480  0.136119424870  0.629290650281  0.765156702670 
19.252  3.063196e+01  4.696689e+00  2.536884e+02  4.281880e+00  1.816600e+00  1.437329e+00  0.666154764783  0.690109237871 -0.282819852843 -0.686248382804  0.715670686987  0.129917762013  0.292063326106  0.107539330444  0.950333786599 
19.377  3.119360e+01  4.931157e+00  2.516513e+02  4.430020e+00  1.796045e+00  1.383512e+00  0.945428355269  0.270363604050  0.181848141751 -0.325754747589  0.796304254541  0.509689492361 -0.007004960856 -0.541112793977  0.840920849259 
19.502  3.176759e+01  5.158635e+00  2.505575e+02  4.456903e+00  1.734045e+00  1.418965e+00  0.860050298758 -0.363528628808  0.357994999466  0.244267664791  0.909403126269  0.336629264726 -0.447936146725 -0.202071497172  0.870930719683 
19.627  3.228632e+01  5.362379e+00  2.488328e+02  4.396101e+00  1.771004e+00  1.375089e+00  0.751987748217 -0.630708337248  0.191628337824  0.659123192845  0.715734637177 -0.230825791019  0.008428712002  0.299884848685  0.953938171132 
19.752  3.285480e+01  5.597407e+00  2.476496e+02  4.444958e+00  1.882079e+00  1.369101e+00  0.641676875361 -0.754994806297 -0.135031959519  0.506749711452  0.549497218838 -0.664272185503  0.575721736232  0.357820693859  0.735193058642 
19.877  3.343281e+01  5.845766e+00  2.469046e+02  4.540011e+00  1.979248e+00  1.455410e+00  0.758497207296 -0.623693766342 -0.188912869730  0.328130613773  0.615976092648 -0.716172991386  0.563038441697  0.481227118013  0.671869164391 
20.002  3.397048e+01  6.083678e+00  2.453880e+02  4.637794e+00  2.099655e+00  1.467702e+00  0.960304542560 -0.270346099610  0.068761704204  0.272042197943  0.853082593723 -0.445245023358  0.061710842465  0.446276903628  0.892764637074 
20.127  3.456929e+01  6.363026e+00  2.430468e+02  4.631821e+00  2.215481e+00  1.401045e+00  0.926034807780  0.043272622754  0.374949349779 -0.138281056734  0.963231460379  0.230355167262 -0.351194937504 -0.265165295346  0.897969644262 
20.252  3.516514e+01  6.648705e+00  2.414956e+02  4.628451e+00  2.203341e+00  1.444448e+00  0.843242695855  0.384588135182  0.375544567481 -0.536902336213  0.636439730995  0.553787278817 -0.026031466657 -0.668607833553  0.743159422772 
20.377  3.571001e+01  6.903854e+00  2.395839e+02  4.687440e+00  2.143934e+00  1.466075e+00  0.650467387830  0.719299453404  0.243927189346 -0.749372314236  0.555410529819  0.360500038866  0.123827751436 -0.417285800979  0.900299532531 
20.502  3.631809e+01  7.176110e+00  2.386623e+02  4.728858e+00  2.107145e+00  1.385289e+00  0.620770858390  0.780648563807 -0.072328149435 -0.768380828916  0.587496137669 -0.253848754142 -0.155674156907  0.213157472426  0.964535872231 
20.627  3.692766e+01  7.453906e+00  2.374396e+02  4.729491e+00  2.226254e+00  1.388282e+00  0.909024338902  0.284022838422 -0.304968487781 -0.415738054806  0.668823812637 -0.616308832839  0.028924402685  0.687026735218  0.726056226490 
20.752  3.748318e+01  7.723036e+00  2.357177e+02  4.770390e+00  2.387313e+00  1.411481e+00  0.917432156826 -0.262386671033 -0.299117823750  0.138291280275  0.915160899044 -0.378623890769  0.373086798775  0.305996345935  0.875883826117 
20.877  3.810410e+01  8.036766e+00  2.343633e+02  4.855774e+00  2.452710e+00  1.347764e+00  0.849210919246 -0.519659288143 -0.093781868614  0.512341825639  0.767843931210  0.384605708492 -0.127854090018 -0.374659741033  0.918304639058 
21.002  3.873005e+01  8.352782e+00  2.329105e+02  4.844430e+00  2.448746e+00  1.417330e+00  0.771450349505 -0.620694915660  0.140007785218  0.324519753469  0.573079756631  0.752506825317 -0.547312787953 -0.535086361453  0.643530339557 
